3 1 0.7577429153846154 0.9194594594594595 0.7125 0.8794594594594595 0.6923076923076923 0.8691891891891892 0.6923076923076923 0.8556756756756757 0.698076923076923 0.798918918918919 0.7451923076923077 0.76 0.7259615384615384 0.7367567567567568 0.7201923076923077 0.7140540540540541 0.7240384615384615 0.7048648648648649 0.7326923076923076 0.701081081081081 0.739423076923077 0.701081081081081 0.7442307692307693 0.707027027027027 0.760576923076923 0.7697297297297298 0.8490384615384615 0.8102702702702703 0.8980769230769231 0.8448648648648649 0.9317307692307693 0.8572972972972973 0.9490384615384615 0.8583783783783784 0.9548076923076924 0.8562162162162162 0.9673076923076923 0.8497297297297297 0.9778846153846154 0.8444553643243243 1 1 1 1 0.7577429153846154
3 0.20484101729729728 1 0.1810810810810811 0.9528846153846153 0.16918918918918918 0.9317307692307693 0.1616216216216216 0.9240384615384616 0.16054054054054054 0.9125 0.23513513513513515 0.7875 0.26432432432432434 0.7451923076923077 0.312972972972973 0.65 0.3372972972972973 0.6096153846153847 0.36 0.5807692307692308 0.37945945945945947 0.5759615384615384 0.3918918918918919 0.5663461538461538 0.4118918918918919 0.5605769230769231 0.4145945945945946 0.5509615384615385 0.42486486486486486 0.5451923076923076 0.42162162162162165 0.5384615384615384 0.4221621621621622 0.5336538461538461 0.43567567567567567 0.5307692307692308 0.43783783783783786 0.5201923076923077 0.43729729729729727 0.45576923076923076 0.4145945945945946 0.4423076923076923 0.39513513513513515 0.42115384615384616 0.37513513513513513 0.3778846153846154 0.37189189189189187 0.36346153846153845 0.36486486486486486 0.3490384615384615 0.22594594594594594 0.2673076923076923 0.20378378378378378 0.25961538461538464 0.12162162162162163 0.21634615384615385 0.0681081081081081 0.19423076923076923 0.06108108108108108 0.1875 0.03513513513513514 0.18076923076923077 0 0.16547667788461537 0 1 0.20484101729729728 1
3 0.4875675675675676 0.4355769230769231 0.47675675675675677 0.5192307692307693 0.4875675675675676 0.5355769230769231 0.4908108108108108 0.5365384615384615 0.49945945945945946 0.44326923076923075 0.4875675675675676 0.4355769230769231
3 0.5951351351351352 0.510576923076923 0.5427027027027027 0.4740384615384615 0.5643243243243243 0.5490384615384616 0.5702702702702702 0.5625 0.5735135135135135 0.5576923076923077 0.58 0.5307692307692308 0.5962162162162162 0.5153846153846153 0.5951351351351352 0.510576923076923
3 0.5821621621621622 0.5990384615384615 0.5875675675675676 0.6019230769230769 0.5967567567567568 0.6173076923076923 0.6032432432432432 0.6153846153846154 0.6275675675675676 0.5894230769230769 0.6432432432432432 0.5798076923076924 0.6535135135135135 0.5576923076923077 0.652972972972973 0.551923076923077 0.6421621621621622 0.5403846153846154 0.6205405405405405 0.5288461538461539 0.6081081081081081 0.5548076923076923 0.6 0.5644230769230769 0.5881081081081081 0.5711538461538461 0.581081081081081 0.5923076923076923 0.5821621621621622 0.5990384615384615
3 0.5681081081081081 0.5884615384615385 0.5627027027027027 0.5644230769230769 0.5281081081081082 0.4634615384615385 0.5151351351351351 0.4548076923076923 0.5075675675675676 0.5115384615384615 0.5032432432432432 0.525 0.5016216216216216 0.5490384615384616 0.5216216216216216 0.5653846153846154 0.5681081081081081 0.5884615384615385
2 0.7048648648648649 0.2846153846153846 0.7091891891891892 0.29423076923076924 0.7156756756756757 0.29903846153846153 0.7178378378378378 0.30480769230769234 0.7167567567567568 0.3105769230769231 0.7016216216216217 0.33653846153846156 0.6908108108108109 0.3625 0.6356756756756756 0.4423076923076923 0.6113513513513513 0.4875 0.6032432432432432 0.5076923076923077 0.5924324324324325 0.5230769230769231 0.5821621621621622 0.5317307692307692 0.572972972972973 0.5576923076923077 0.5767567567567567 0.5701923076923077 0.6032432432432432 0.5596153846153846 0.6113513513513513 0.5480769230769231 0.6172972972972973 0.5307692307692308 0.6281081081081081 0.5125 0.6345945945945946 0.5057692307692307 0.6464864864864864 0.5009615384615385 0.6605405405405406 0.4778846153846154 0.6686486486486487 0.4576923076923077 0.672972972972973 0.4528846153846154 0.6745945945945946 0.4548076923076923 0.6751351351351351 0.5125 0.6583783783783784 0.55 0.6410810810810811 0.5817307692307693 0.6232432432432432 0.5942307692307692 0.5918918918918918 0.6240384615384615 0.5972972972972973 0.6490384615384616 0.6005405405405405 0.6807692307692308 0.581081081081081 0.7134615384615385 0.5594594594594594 0.7634615384615384 0.5556756756756757 0.8 0.5513513513513514 0.8173076923076923 0.5427027027027027 0.8278846153846153 0.5264864864864864 0.8298076923076924 0.5216216216216216 0.8336538461538462 0.5064864864864865 0.8653846153846154 0.5064864864864865 0.8759615384615385 0.512972972972973 0.9028846153846154 0.5286486486486487 0.9442307692307692 0.5664864864864865 0.9769230769230769 0.5821621621621622 0.9788461538461538 0.5875675675675676 0.9701923076923077 0.5918918918918918 0.9528846153846153 0.5918918918918918 0.9182692307692307 0.6048648648648649 0.8144230769230769 0.6043243243243244 0.7644230769230769 0.607027027027027 0.7490384615384615 0.6194594594594595 0.7355769230769231 0.6535135135135135 0.7134615384615385 0.6843243243243243 0.6826923076923077 0.705945945945946 0.6721153846153847 0.7232432432432433 0.6557692307692308 0.7367567567567568 0.6240384615384615 0.745945945945946 0.5557692307692308 0.7648648648648648 0.5317307692307692 0.7832432432432432 0.4721153846153846 0.7962162162162162 0.40384615384615385 0.7962162162162162 0.3701923076923077 0.7913513513513514 0.34134615384615385 0.7843243243243243 0.31634615384615383 0.7778378378378379 0.30288461538461536 0.7643243243243243 0.2875 0.7632432432432432 0.2798076923076923 0.7637837837837838 0.27115384615384613 0.78 0.22115384615384615 0.7805405405405406 0.21057692307692308 0.774054054054054 0.1951923076923077 0.7616216216216216 0.17884615384615385 0.7475675675675676 0.1701923076923077 0.7410810810810811 0.1701923076923077 0.7243243243243244 0.17884615384615385 0.7124324324324325 0.19230769230769232 0.705945945945946 0.20673076923076922 0.701081081081081 0.2298076923076923 0.7048648648648649 0.2846153846153846
2 0.8308108108108108 0.5884615384615385 0.8286486486486486 0.5990384615384615 0.8135135135135135 0.6259615384615385 0.7972972972972973 0.6480769230769231 0.78 0.6480769230769231 0.7637837837837838 0.6432692307692308 0.7502702702702703 0.6375 0.7389189189189189 0.6269230769230769 0.7335135135135135 0.635576923076923 0.7318918918918919 0.6480769230769231 0.7427027027027027 0.6567307692307692 0.7421621621621621 0.6605769230769231 0.7248648648648649 0.6673076923076923 0.7156756756756757 0.6759615384615385 0.7021621621621622 0.6798076923076923 0.6935135135135135 0.6875 0.6745945945945946 0.6913461538461538 0.6686486486486487 0.7 0.6691891891891892 0.7076923076923077 0.672972972972973 0.7153846153846154 0.6891891891891891 0.7259615384615384 0.7335135135135135 0.7163461538461539 0.7924324324324324 0.7423076923076923 0.8016216216216216 0.7423076923076923 0.8340540540540541 0.7115384615384616 0.8513513513513513 0.7019230769230769 0.8902702702702703 0.6634615384615384 0.8935135135135135 0.6375 0.8908108108108108 0.6240384615384615 0.8843243243243243 0.6096153846153847 0.9064864864864864 0.5894230769230769 0.9108108108108108 0.573076923076923 0.9091891891891892 0.5557692307692308 0.9032432432432432 0.5451923076923076 0.8962162162162162 0.5394230769230769 0.874054054054054 0.5365384615384615 0.867027027027027 0.5423076923076923 0.8648648648648649 0.5538461538461539 0.8589189189189189 0.5634615384615385 0.8535135135135136 0.5653846153846154 0.8502702702702702 0.5625 0.8394594594594594 0.5384615384615384 0.8167567567567567 0.4201923076923077 0.8097297297297297 0.40576923076923077 0.8037837837837838 0.40384615384615385 0.8 0.4269230769230769 0.8086486486486486 0.44711538461538464 0.8135135135135135 0.5009615384615385 0.8302702702702702 0.5711538461538461 0.8308108108108108 0.5884615384615385
0 0.3283612724324324 0 0.32756756756756755 0.05576923076923077 0.3318918918918919 0.12692307692307692 0.34054054054054056 0.2076923076923077 0.34756756756756757 0.2403846153846154 0.35243243243243244 0.28557692307692306 0.3605405405405405 0.3298076923076923 0.3691891891891892 0.3625 0.39513513513513515 0.4221153846153846 0.4097297297297297 0.4355769230769231 0.432972972972973 0.44711538461538464 0.43567567567567567 0.4625 0.43567567567567567 0.5336538461538461 0.43243243243243246 0.5423076923076923 0.41243243243243244 0.5605769230769231 0.39675675675675676 0.5673076923076923 0.38432432432432434 0.5778846153846153 0.36864864864864866 0.5778846153846153 0.35783783783783785 0.5826923076923077 0.34 0.6057692307692307 0.2989189189189189 0.6759615384615385 0.26756756756756755 0.739423076923077 0.2427027027027027 0.7826923076923077 0.20270270270270271 0.8461538461538461 0.13945945945945945 0.9365384615384615 0.12864864864864864 0.9605769230769231 0.12162162162162163 0.9923076923076923 0.12146146162162161 1 0.8397297297297297 1 0.8464864864864865 0.9855769230769231 0.8540540540540541 0.9538461538461539 0.845945945945946 0.9365384615384615 0.8151351351351351 0.9048076923076923 0.7151351351351352 0.775 0.6583783783783784 0.6807692307692308 0.6372972972972973 0.6663461538461538 0.6248648648648648 0.6471153846153846 0.6027027027027027 0.635576923076923 0.5897297297297297 0.614423076923077 0.5745945945945946 0.5980769230769231 0.5486486486486486 0.5884615384615385 0.5081081081081081 0.5461538461538461 0.5064864864864865 0.5211538461538462 0.5162162162162162 0.44326923076923075 0.5172972972972973 0.3730769230769231 0.5313513513513514 0.3 0.5367567567567567 0.28365384615384615 0.5448648648648649 0.22115384615384615 0.5497297297297298 0.20096153846153847 0.5659459459459459 0.07019230769230769 0.567027027027027 0.01826923076923077 0.5711351351351351 0 0.5538738740540541 0 0.552972972972973 0.014423076923076924 0.5459459459459459 0.011538461538461539 0.5394594594594595 0 0.3283612724324324 0
4 0 0 0 0.16658568557692308 0.03533924540540541 0.1786232971153846 0.04128519135135136 0.17573868173076923 0.04669059675675676 0.16420022019230768 0.05209600216216217 0.16227714326923076 0.05696086702702703 0.1661232971153846 0.06669059675675676 0.19112329711538462 0.07371762378378378 0.19689252788461536 0.10993383999999999 0.2113156048076923 0.2445284345945946 0.2767002201923077 0.3147987048648649 0.31804637403846153 0.32669059675675677 0.3286232971153846 0.35425816432432433 0.33823868173076926 0.35966356972972974 0.32573868173076925 0.35858248864864867 0.2968925278846154 0.33696086702702704 0.18054637403846152 0.3310149210810811 0.1218925278846154 0.32961648486486483 0 0 0
4 0.5740879437837838 0 0.5362162162162162 0.2865384615384615 0.5291891891891892 0.3278846153846154 0.5156756756756756 0.37403846153846154 0.5227027027027027 0.4125 0.5410810810810811 0.47307692307692306 0.5448648648648649 0.47884615384615387 0.5572972972972973 0.4846153846153846 0.5891891891891892 0.510576923076923 0.5972972972972973 0.5076923076923077 0.614054054054054 0.4576923076923077 0.6162162162162163 0.4442307692307692 0.6205405405405405 0.43653846153846154 0.6221621621621621 0.4201923076923077 0.6270270270270271 0.4115384615384615 0.6286486486486487 0.3971153846153846 0.6367567567567568 0.36730769230769234 0.6432432432432432 0.35384615384615387 0.6454054054054054 0.35865384615384616 0.6448648648648648 0.36923076923076925 0.6281081081081081 0.42115384615384616 0.6237837837837837 0.4519230769230769 0.6313513513513513 0.45 0.6886486486486486 0.36730769230769234 0.7 0.33942307692307694 0.7183783783783784 0.30673076923076925 0.7172972972972973 0.30096153846153845 0.707027027027027 0.29423076923076924 0.7027027027027027 0.28173076923076923 0.7043243243243243 0.25576923076923075 0.6994594594594594 0.23173076923076924 0.7075675675675676 0.20096153846153847 0.7140540540540541 0.18942307692307692 0.725945945945946 0.1778846153846154 0.7421621621621621 0.1701923076923077 0.7535135135135135 0.17211538461538461 0.7718918918918919 0.19230769230769232 0.7794594594594595 0.20673076923076922 0.7794594594594595 0.22115384615384615 0.7632432432432432 0.26826923076923076 0.7616216216216216 0.28173076923076923 0.7659459459459459 0.2923076923076923 0.7751351351351351 0.30096153846153845 0.7832432432432432 0.3144230769230769 0.7918918918918919 0.3423076923076923 0.7978378378378378 0.3778846153846154 0.7945945945945946 0.41442307692307695 0.7891891891891892 0.4461538461538462 0.774054054054054 0.5076923076923077 0.7654054054054054 0.5326923076923077 0.7513513513513513 0.5471153846153847 0.7437837837837837 0.5634615384615385 0.7410810810810811 0.5971153846153846 0.7421621621621621 0.6105769230769231 0.7859459459459459 0.6403846153846153 0.7983783783783783 0.6451923076923077 0.8162162162162162 0.6230769230769231 0.8297297297297297 0.6 0.8318918918918919 0.5903846153846154 0.8313513513513513 0.5769230769230769 0.8140540540540541 0.510576923076923 0.8086486486486486 0.4461538461538462 0.8005405405405406 0.4269230769230769 0.8016216216216216 0.41346153846153844 0.8102702702702703 0.4076923076923077 0.8189189189189189 0.43173076923076925 0.8378378378378378 0.5336538461538461 0.8491891891891892 0.5634615384615385 0.8578378378378378 0.5673076923076923 0.8632432432432432 0.5576923076923077 0.8664864864864865 0.5432692307692307 0.8735135135135135 0.5365384615384615 0.8983783783783784 0.5423076923076923 0.9091891891891892 0.5576923076923077 0.9108108108108108 0.573076923076923 0.907027027027027 0.5894230769230769 0.8962162162162162 0.6019230769230769 0.8870270270270271 0.6048076923076923 0.8821621621621621 0.614423076923077 0.8918918918918919 0.6278846153846154 0.894054054054054 0.6538461538461539 0.8886486486486487 0.6682692307692307 0.8724324324324324 0.6875 0.8729729729729729 0.6913461538461538 1 0.7583308 1 0 0.5740879437837838 0