3 1 0.7542667349514562 0.9344262295081968 0.7174757281553398 0.8939890710382513 0.6970873786407767 0.8836065573770492 0.6970873786407767 0.8699453551912568 0.7029126213592233 0.812568306010929 0.7504854368932039 0.773224043715847 0.7310679611650486 0.7497267759562841 0.7252427184466019 0.726775956284153 0.7291262135922331 0.7174863387978142 0.7378640776699029 0.7136612021857923 0.7446601941747573 0.7136612021857923 0.7495145631067961 0.719672131147541 0.7660194174757281 0.7830601092896174 0.8553398058252427 0.8240437158469945 0.9048543689320389 0.8590163934426229 0.9388349514563107 0.8715846994535519 0.9563106796116505 0.8726775956284153 0.962135922330097 0.8704918032786885 0.974757281553398 0.8639344262295082 0.9854368932038835 0.8604570295081967 1 1 1 1 0.7542667349514562
3 0.208076181420765 1 0.18797814207650274 0.9601941747572815 0.17595628415300546 0.9388349514563107 0.16830601092896175 0.9310679611650485 0.16721311475409836 0.9194174757281554 0.24262295081967214 0.7932038834951456 0.2721311475409836 0.7504854368932039 0.32131147540983607 0.654368932038835 0.34590163934426227 0.6135922330097088 0.36885245901639346 0.5844660194174758 0.3885245901639344 0.579611650485437 0.4010928961748634 0.5699029126213592 0.42131147540983604 0.5640776699029126 0.4240437158469945 0.554368932038835 0.4344262295081967 0.5485436893203883 0.4311475409836066 0.541747572815534 0.43169398907103823 0.5368932038834952 0.4453551912568306 0.5339805825242718 0.44754098360655736 0.5233009708737864 0.44699453551912566 0.458252427184466 0.4240437158469945 0.4446601941747573 0.40437158469945356 0.42330097087378643 0.3841530054644809 0.3796116504854369 0.3808743169398907 0.3650485436893204 0.3737704918032787 0.3504854368932039 0.23333333333333334 0.26796116504854367 0.21092896174863388 0.26019417475728157 0.12786885245901639 0.21650485436893205 0.07377049180327869 0.1941747572815534 0.06666666666666667 0.18737864077669902 0.040437158469945354 0.18058252427184465 0 0.16300351165048543 0 1 0.208076181420765 1
3 0.49781420765027323 0.43786407766990293 0.48688524590163934 0.5223300970873787 0.49781420765027323 0.5388349514563107 0.5010928961748634 0.5398058252427185 0.5098360655737705 0.44563106796116503 0.49781420765027323 0.43786407766990293
3 0.6065573770491803 0.5135922330097087 0.553551912568306 0.4766990291262136 0.5754098360655737 0.5524271844660195 0.5814207650273224 0.5660194174757281 0.5846994535519126 0.5611650485436893 0.5912568306010929 0.5339805825242718 0.6076502732240437 0.5184466019417475 0.6065573770491803 0.5135922330097087
3 0.5934426229508196 0.6029126213592233 0.5989071038251366 0.6058252427184466 0.6081967213114754 0.6213592233009708 0.6147540983606558 0.6194174757281553 0.639344262295082 0.5932038834951456 0.6551912568306011 0.583495145631068 0.6655737704918033 0.5611650485436893 0.6650273224043716 0.5553398058252427 0.6540983606557377 0.5436893203883495 0.6322404371584699 0.5320388349514563 0.6196721311475409 0.558252427184466 0.6114754098360655 0.5679611650485437 0.5994535519125683 0.574757281553398 0.5923497267759563 0.596116504854369 0.5934426229508196 0.6029126213592233
3 0.5792349726775956 0.5922330097087378 0.5737704918032787 0.5679611650485437 0.5387978142076503 0.46601941747572817 0.5256830601092897 0.45728155339805826 0.5180327868852459 0.5145631067961165 0.5136612021857924 0.5281553398058253 0.5120218579234973 0.5524271844660195 0.5322404371584699 0.5689320388349515 0.5792349726775956 0.5922330097087378
2 0.7174863387978142 0.2854368932038835 0.7218579234972677 0.29514563106796116 0.7284153005464481 0.3 0.7306010928961748 0.3058252427184466 0.7295081967213115 0.3116504854368932 0.7142076502732241 0.3378640776699029 0.7032786885245902 0.3640776699029126 0.6475409836065574 0.4446601941747573 0.6229508196721312 0.49029126213592233 0.6147540983606558 0.5106796116504855 0.6038251366120219 0.5262135922330097 0.5934426229508196 0.5349514563106796 0.5841530054644809 0.5611650485436893 0.5879781420765028 0.5737864077669903 0.6147540983606558 0.5631067961165048 0.6229508196721312 0.5514563106796116 0.6289617486338798 0.5339805825242718 0.6398907103825137 0.5155339805825243 0.646448087431694 0.5087378640776699 0.6584699453551912 0.503883495145631 0.6726775956284153 0.48058252427184467 0.6808743169398908 0.4601941747572815 0.6852459016393443 0.4553398058252427 0.6868852459016394 0.45728155339805826 0.687431693989071 0.5155339805825243 0.6704918032786885 0.5533980582524272 0.6530054644808743 0.5854368932038835 0.6349726775956284 0.5980582524271845 0.6032786885245902 0.6281553398058253 0.6087431693989072 0.6533980582524271 0.6120218579234973 0.6854368932038835 0.5923497267759563 0.7184466019417476 0.5704918032786885 0.7689320388349514 0.5666666666666667 0.8058252427184466 0.5622950819672131 0.8233009708737864 0.553551912568306 0.8339805825242719 0.5371584699453552 0.8359223300970874 0.5322404371584699 0.8398058252427184 0.5169398907103825 0.8718446601941747 0.5169398907103825 0.8825242718446602 0.5234972677595628 0.9097087378640777 0.5393442622950819 0.9514563106796117 0.5775956284153005 0.9844660194174757 0.5934426229508196 0.9864077669902913 0.5989071038251366 0.9776699029126213 0.6032786885245902 0.9601941747572815 0.6032786885245902 0.925242718446602 0.6163934426229508 0.8203883495145631 0.6158469945355192 0.7699029126213592 0.6185792349726776 0.7543689320388349 0.6311475409836066 0.7407766990291262 0.6655737704918033 0.7184466019417476 0.6967213114754098 0.6873786407766991 0.7185792349726776 0.6766990291262136 0.7360655737704918 0.6601941747572816 0.7497267759562841 0.6281553398058253 0.759016393442623 0.5592233009708738 0.7781420765027323 0.5349514563106796 0.7967213114754098 0.4747572815533981 0.8098360655737705 0.4058252427184466 0.8098360655737705 0.3718446601941748 0.8049180327868852 0.34271844660194173 0.7978142076502732 0.3174757281553398 0.7912568306010929 0.30388349514563107 0.7775956284153005 0.2883495145631068 0.7765027322404372 0.28058252427184466 0.7770491803278688 0.27184466019417475 0.7934426229508197 0.22135922330097088 0.7939890710382513 0.21067961165048543 0.7874316939890711 0.19514563106796118 0.774863387978142 0.1786407766990291 0.760655737704918 0.16990291262135923 0.7540983606557377 0.16990291262135923 0.7371584699453552 0.1786407766990291 0.725136612021858 0.19223300970873786 0.7185792349726776 0.20679611650485438 0.7136612021857923 0.23009708737864076 0.7174863387978142 0.2854368932038835
2 0.8448087431693989 0.5922330097087378 0.8426229508196721 0.6029126213592233 0.8273224043715847 0.6300970873786408 0.8109289617486338 0.6524271844660194 0.7934426229508197 0.6524271844660194 0.7770491803278688 0.6475728155339806 0.7633879781420765 0.641747572815534 0.7519125683060109 0.6310679611650486 0.746448087431694 0.6398058252427185 0.7448087431693989 0.6524271844660194 0.7557377049180328 0.6611650485436893 0.7551912568306011 0.6650485436893204 0.7377049180327869 0.6718446601941748 0.7284153005464481 0.6805825242718446 0.7147540983606557 0.6844660194174758 0.7060109289617487 0.6922330097087379 0.6868852459016394 0.6961165048543689 0.6808743169398908 0.7048543689320388 0.6814207650273224 0.7126213592233009 0.6852459016393443 0.7203883495145631 0.7016393442622951 0.7310679611650486 0.746448087431694 0.7213592233009709 0.8060109289617486 0.7475728155339806 0.8153005464480875 0.7475728155339806 0.848087431693989 0.7165048543689321 0.8655737704918033 0.7067961165048544 0.9049180327868852 0.6679611650485436 0.9081967213114754 0.641747572815534 0.905464480874317 0.6281553398058253 0.8989071038251366 0.6135922330097088 0.921311475409836 0.5932038834951456 0.9256830601092896 0.5766990291262136 0.9240437158469945 0.5592233009708738 0.9180327868852459 0.5485436893203883 0.9109289617486339 0.5427184466019418 0.8885245901639345 0.5398058252427185 0.8814207650273224 0.545631067961165 0.8792349726775956 0.5572815533980583 0.8732240437158469 0.566990291262136 0.8677595628415301 0.5689320388349515 0.8644808743169399 0.5660194174757281 0.853551912568306 0.541747572815534 0.8306010928961749 0.4223300970873786 0.8234972677595629 0.4077669902912621 0.8174863387978142 0.4058252427184466 0.8136612021857923 0.429126213592233 0.8224043715846995 0.4495145631067961 0.8273224043715847 0.503883495145631 0.8442622950819673 0.574757281553398 0.8448087431693989 0.5922330097087378
0 0.33684028524590165 0 0.3360655737704918 0.05436893203883495 0.3404371584699454 0.1262135922330097 0.34918032786885245 0.20776699029126214 0.35628415300546445 0.2407766990291262 0.36120218579234975 0.28640776699029125 0.3693989071038251 0.33106796116504855 0.37814207650273224 0.3640776699029126 0.40437158469945356 0.4242718446601942 0.4191256830601093 0.43786407766990293 0.4426229508196721 0.4495145631067961 0.4453551912568306 0.4650485436893204 0.4453551912568306 0.5368932038834952 0.4420765027322404 0.545631067961165 0.42185792349726775 0.5640776699029126 0.4060109289617486 0.570873786407767 0.39344262295081966 0.5815533980582525 0.37759562841530053 0.5815533980582525 0.36666666666666664 0.5864077669902913 0.34863387978142074 0.6097087378640776 0.307103825136612 0.6805825242718446 0.2754098360655738 0.7446601941747573 0.2502732240437158 0.7883495145631068 0.2098360655737705 0.8524271844660194 0.14590163934426228 0.9436893203883495 0.13497267759562842 0.9679611650485437 0.12786885245901639 1 0.8574681240437159 1 0.860655737704918 0.9932038834951457 0.8683060109289618 0.9611650485436893 0.8601092896174863 0.9436893203883495 0.8289617486338798 0.9116504854368932 0.7278688524590164 0.7805825242718447 0.6704918032786885 0.6854368932038835 0.6491803278688525 0.670873786407767 0.6366120218579235 0.6514563106796116 0.614207650273224 0.6398058252427185 0.6010928961748634 0.6184466019417476 0.585792349726776 0.6019417475728155 0.5595628415300546 0.5922330097087378 0.5185792349726775 0.5495145631067961 0.5169398907103825 0.5242718446601942 0.526775956284153 0.44563106796116503 0.5278688524590164 0.37475728155339805 0.5420765027322404 0.30097087378640774 0.5475409836065573 0.28446601941747574 0.5557377049180328 0.22135922330097088 0.5606557377049181 0.20097087378640777 0.5770491803278689 0.06893203883495146 0.5781420765027322 0.01650485436893204 0.5818579234972677 0 0.5647237398907103 0 0.5639344262295082 0.01262135922330097 0.5568306010928962 0.009708737864077669 0.5513661202185792 0 0.33684028524590165 0
4 0 0 0 0.16458806699029127 0.04064349945355192 0.1784157563106796 0.04665442841530055 0.1755031349514563 0.05211890928961749 0.1638526495145631 0.05758339016393443 0.16191090194174756 0.06250142295081967 0.16579439708737864 0.07233748852459015 0.19103711553398056 0.07944131366120218 0.19686235825242718 0.11605333551912568 0.21142546504854368 0.2521189092896175 0.27744488252427185 0.32315716065573774 0.31919245533980584 0.335179018579235 0.32987206699029126 0.36304787103825137 0.339580804854369 0.3685123519125683 0.326959445631068 0.3674194557377049 0.297833232038835 0.3455615322404372 0.18035750388349514 0.3395506032786885 0.12113420291262136 0.3381591879781421 0 0 0
4 0.5850232109289618 0 0.5469945355191257 0.287378640776699 0.5398907103825137 0.329126213592233 0.5262295081967213 0.3757281553398058 0.5333333333333333 0.4145631067961165 0.5519125683060109 0.47572815533980584 0.5557377049180328 0.4815533980582524 0.5683060109289617 0.487378640776699 0.6005464480874317 0.5135922330097087 0.6087431693989072 0.5106796116504855 0.6256830601092896 0.4601941747572815 0.6278688524590164 0.44660194174757284 0.6322404371584699 0.4388349514563107 0.6338797814207651 0.4223300970873786 0.6387978142076502 0.41359223300970877 0.6404371584699453 0.3990291262135922 0.6486338797814207 0.36893203883495146 0.6551912568306011 0.3553398058252427 0.6573770491803279 0.36019417475728155 0.6568306010928961 0.37087378640776697 0.6398907103825137 0.42330097087378643 0.6355191256830601 0.45436893203883494 0.6431693989071038 0.4524271844660194 0.7010928961748634 0.36893203883495146 0.7125683060109289 0.3407766990291262 0.7311475409836066 0.30776699029126214 0.7300546448087432 0.30194174757281556 0.719672131147541 0.29514563106796116 0.7153005464480874 0.28252427184466017 0.7169398907103826 0.2563106796116505 0.7120218579234973 0.2320388349514563 0.7202185792349727 0.20097087378640777 0.726775956284153 0.18932038834951456 0.7387978142076502 0.17766990291262136 0.7551912568306011 0.16990291262135923 0.7666666666666667 0.17184466019417477 0.7852459016393443 0.19223300970873786 0.7928961748633879 0.20679611650485438 0.7928961748633879 0.22135922330097088 0.7765027322404372 0.2689320388349515 0.774863387978142 0.28252427184466017 0.7792349726775957 0.29320388349514565 0.7885245901639344 0.30194174757281556 0.7967213114754098 0.3155339805825243 0.805464480874317 0.34368932038834954 0.8114754098360656 0.3796116504854369 0.8081967213114755 0.41650485436893203 0.8027322404371585 0.44854368932038835 0.7874316939890711 0.5106796116504855 0.7786885245901639 0.5359223300970873 0.7644808743169399 0.5504854368932038 0.7568306010928961 0.566990291262136 0.7540983606557377 0.6009708737864078 0.7551912568306011 0.6145631067961165 0.7994535519125683 0.6446601941747573 0.8120218579234972 0.6495145631067961 0.8300546448087431 0.6271844660194175 0.8437158469945355 0.6038834951456311 0.8459016393442623 0.5941747572815534 0.8453551912568306 0.5805825242718446 0.8278688524590164 0.5135922330097087 0.8224043715846995 0.44854368932038835 0.8142076502732241 0.429126213592233 0.8153005464480875 0.4155339805825243 0.8240437158469945 0.4097087378640777 0.8327868852459016 0.43398058252427185 0.8519125683060109 0.5368932038834952 0.8633879781420765 0.566990291262136 0.8721311475409836 0.570873786407767 0.8775956284153006 0.5611650485436893 0.8808743169398907 0.5466019417475728 0.8879781420765027 0.5398058252427185 0.9131147540983606 0.545631067961165 0.9240437158469945 0.5611650485436893 0.9256830601092896 0.5766990291262136 0.9218579234972678 0.5932038834951456 0.9109289617486339 0.6058252427184466 0.9016393442622951 0.6087378640776699 0.8967213114754098 0.6184466019417476 0.9065573770491804 0.6320388349514563 0.9087431693989071 0.658252427184466 0.9032786885245901 0.6728155339805825 0.8868852459016393 0.6922330097087379 0.8874316939890711 0.6961165048543689 1 0.7554050427184466 1 0 0.5850232109289618 0