3 1 0.7695751663516067 0.9053191489361702 0.7164461247637051 0.8659574468085106 0.6965973534971645 0.8558510638297873 0.6965973534971645 0.8425531914893617 0.7022684310018904 0.7867021276595745 0.7485822306238186 0.7484042553191489 0.7296786389413988 0.725531914893617 0.724007561436673 0.7031914893617022 0.7277882797731569 0.6941489361702128 0.7362948960302458 0.6904255319148936 0.7429111531190926 0.6904255319148936 0.7476370510396976 0.6962765957446808 0.7637051039697542 0.7579787234042553 0.8506616257088847 0.7978723404255319 0.8988657844990549 0.8319148936170213 0.9319470699432892 0.8441489361702128 0.9489603024574669 0.8452127659574468 0.9546313799621928 0.8430851063829787 0.9669187145557656 0.8367021276595744 0.9773156899810964 0.8312862670212766 1 1 1 1 0.7695751663516067
3 0.20258135159574467 1 0.17872340425531916 0.9527410207939508 0.16702127659574467 0.9319470699432892 0.1595744680851064 0.9243856332703214 0.15851063829787235 0.9130434782608695 0.23191489361702128 0.7901701323251418 0.26063829787234044 0.7485822306238186 0.30851063829787234 0.6550094517958412 0.3324468085106383 0.6153119092627599 0.3547872340425532 0.5869565217391305 0.373936170212766 0.5822306238185255 0.3861702127659574 0.5727788279773157 0.40585106382978725 0.5671077504725898 0.4085106382978723 0.55765595463138 0.4186170212765957 0.5519848771266541 0.4154255319148936 0.5453686200378072 0.41595744680851066 0.5406427221172023 0.42925531914893617 0.5378071833648393 0.43138297872340425 0.5274102079395085 0.4308510638297872 0.46408317580340264 0.4085106382978723 0.45085066162570886 0.3893617021276596 0.43005671077504726 0.3696808510638298 0.387523629489603 0.36648936170212765 0.3733459357277883 0.3595744680851064 0.3591682419659735 0.22287234042553192 0.27882797731569 0.20106382978723406 0.2712665406427221 0.1202127659574468 0.22873345935727787 0.0675531914893617 0.20699432892249528 0.06063829787234042 0.2003780718336484 0.035106382978723406 0.1937618147448015 0 0.17849817013232516 0 1 0.20258135159574467 1
3 0.4803191489361702 0.444234404536862 0.4696808510638298 0.5264650283553876 0.4803191489361702 0.5425330812854442 0.48351063829787233 0.5434782608695652 0.4920212765957447 0.45179584120982985 0.4803191489361702 0.444234404536862
3 0.5861702127659575 0.5179584120982986 0.5345744680851063 0.4820415879017013 0.5558510638297872 0.555765595463138 0.5617021276595745 0.5689981096408318 0.5648936170212766 0.5642722117202268 0.5712765957446808 0.5378071833648393 0.5872340425531914 0.5226843100189036 0.5861702127659575 0.5179584120982986
3 0.573404255319149 0.6049149338374291 0.5787234042553191 0.6077504725897921 0.5877659574468085 0.6228733459357277 0.5941489361702128 0.6209829867674859 0.6180851063829788 0.5954631379962193 0.6335106382978724 0.5860113421550095 0.6436170212765957 0.5642722117202268 0.6430851063829788 0.558601134215501 0.6324468085106383 0.5472589792060492 0.6111702127659574 0.5359168241965974 0.5989361702127659 0.5614366729678639 0.5909574468085106 0.5708884688090737 0.5792553191489361 0.5775047258979206 0.5723404255319149 0.5982986767485823 0.573404255319149 0.6049149338374291
3 0.5595744680851064 0.5945179584120983 0.5542553191489362 0.5708884688090737 0.5202127659574468 0.4716446124763705 0.5074468085106383 0.46313799621928164 0.5 0.5189035916824196 0.4957446808510638 0.5321361058601134 0.49414893617021277 0.555765595463138 0.5138297872340426 0.5718336483931947 0.5595744680851064 0.5945179584120983
2 0.6941489361702128 0.29584120982986767 0.698404255319149 0.3052930056710775 0.7047872340425532 0.31001890359168244 0.7069148936170213 0.31568998109640833 0.7058510638297872 0.32136105860113423 0.6909574468085107 0.34688090737240074 0.6803191489361702 0.3724007561436673 0.6260638297872341 0.45085066162570886 0.6021276595744681 0.4952741020793951 0.5941489361702128 0.5151228733459358 0.5835106382978723 0.5302457466918714 0.573404255319149 0.5387523629489603 0.5643617021276596 0.5642722117202268 0.5680851063829787 0.5765595463137996 0.5941489361702128 0.5661625708884688 0.6021276595744681 0.554820415879017 0.6079787234042553 0.5378071833648393 0.6186170212765958 0.5198487712665406 0.625 0.5132325141776938 0.6367021276595745 0.5085066162570888 0.6505319148936171 0.48582230623818523 0.6585106382978724 0.4659735349716446 0.6627659574468086 0.4612476370510397 0.6643617021276595 0.46313799621928164 0.6648936170212766 0.5198487712665406 0.6484042553191489 0.556710775047259 0.6313829787234042 0.5879017013232514 0.6138297872340426 0.6001890359168242 0.5829787234042553 0.6294896030245747 0.5882978723404255 0.6540642722117203 0.5914893617021276 0.6852551984877127 0.5723404255319149 0.717391304347826 0.551063829787234 0.7665406427221172 0.5473404255319149 0.8024574669187146 0.5430851063829787 0.8194706994328923 0.5345744680851063 0.8298676748582231 0.5186170212765957 0.831758034026465 0.5138297872340426 0.8355387523629489 0.498936170212766 0.8667296786389413 0.498936170212766 0.8771266540642723 0.5053191489361702 0.9035916824196597 0.5207446808510638 0.944234404536862 0.5579787234042554 0.9763705103969754 0.573404255319149 0.9782608695652174 0.5787234042553191 0.9697542533081286 0.5829787234042553 0.9527410207939508 0.5829787234042553 0.9187145557655955 0.5957446808510638 0.8166351606805293 0.5952127659574468 0.7674858223062382 0.597872340425532 0.7523629489603024 0.6101063829787234 0.7391304347826086 0.6436170212765957 0.717391304347826 0.673936170212766 0.6871455576559546 0.6952127659574469 0.6767485822306238 0.7122340425531914 0.6606805293005671 0.725531914893617 0.6294896030245747 0.7345744680851064 0.5623818525519849 0.7531914893617021 0.5387523629489603 0.7712765957446809 0.48015122873345933 0.7840425531914894 0.41304347826086957 0.7840425531914894 0.3799621928166352 0.7792553191489362 0.3516068052930057 0.7723404255319148 0.3270321361058601 0.7659574468085106 0.31379962192816635 0.7526595744680851 0.29867674858223064 0.7515957446808511 0.29111531190926276 0.752127659574468 0.2826086956521739 0.7680851063829788 0.2334593572778828 0.7686170212765957 0.22306238185255198 0.7622340425531915 0.20793950850661624 0.75 0.19187145557655955 0.7361702127659574 0.1833648393194707 0.7297872340425532 0.1833648393194707 0.7132978723404255 0.19187145557655955 0.7015957446808511 0.2051039697542533 0.6952127659574469 0.21928166351606806 0.6904255319148936 0.24196597353497165 0.6941489361702128 0.29584120982986767
2 0.8180851063829787 0.5945179584120983 0.8159574468085107 0.6049149338374291 0.801063829787234 0.6313799621928167 0.7851063829787234 0.6531190926275993 0.7680851063829788 0.6531190926275993 0.752127659574468 0.6483931947069943 0.7388297872340426 0.6427221172022685 0.7276595744680852 0.6323251417769377 0.7223404255319149 0.6408317580340265 0.7207446808510638 0.6531190926275993 0.7313829787234043 0.6616257088846881 0.7308510638297873 0.665406427221172 0.7138297872340426 0.6720226843100189 0.7047872340425532 0.6805293005671077 0.6914893617021277 0.6843100189035917 0.6829787234042554 0.6918714555765595 0.6643617021276595 0.6956521739130435 0.6585106382978724 0.7041587901701323 0.6590425531914894 0.7117202268431002 0.6627659574468086 0.719281663516068 0.6787234042553192 0.7296786389413988 0.7223404255319149 0.720226843100189 0.7803191489361702 0.7457466918714556 0.7893617021276595 0.7457466918714556 0.8212765957446808 0.7155009451795841 0.8382978723404255 0.7060491493383743 0.8765957446808511 0.668241965973535 0.8797872340425532 0.6427221172022685 0.877127659574468 0.6294896030245747 0.8707446808510638 0.6153119092627599 0.8925531914893617 0.5954631379962193 0.8968085106382979 0.5793950850661626 0.8952127659574468 0.5623818525519849 0.8893617021276595 0.5519848771266541 0.8824468085106383 0.5463137996219282 0.8606382978723405 0.5434782608695652 0.8537234042553191 0.5491493383742911 0.8515957446808511 0.5604914933837429 0.8457446808510638 0.5699432892249527 0.8404255319148937 0.5718336483931947 0.8372340425531914 0.5689981096408318 0.8265957446808511 0.5453686200378072 0.8042553191489362 0.42911153119092627 0.7973404255319149 0.41493383742911155 0.7914893617021277 0.41304347826086957 0.7877659574468086 0.43572778827977315 0.7962765957446809 0.4555765595463138 0.801063829787234 0.5085066162570888 0.8175531914893617 0.5775047258979206 0.8180851063829787 0.5945179584120983
0 0.3238823053191489 0 0.3228723404255319 0.07088846880907372 0.3271276595744681 0.14083175803402648 0.33563829787234045 0.22022684310018903 0.3425531914893617 0.2523629489603025 0.3473404255319149 0.29678638941398866 0.3553191489361702 0.34026465028355385 0.3638297872340426 0.3724007561436673 0.3893617021276596 0.43100189035916825 0.40372340425531916 0.444234404536862 0.42659574468085104 0.4555765595463138 0.42925531914893617 0.4706994328922495 0.42925531914893617 0.5406427221172023 0.42606382978723406 0.5491493383742911 0.40638297872340423 0.5671077504725898 0.39095744680851063 0.5737240075614367 0.37872340425531914 0.5841209829867675 0.36329787234042554 0.5841209829867675 0.3526595744680851 0.5888468809073724 0.3351063829787234 0.611531190926276 0.2946808510638298 0.6805293005671077 0.26382978723404255 0.7429111531190926 0.2393617021276596 0.7854442344045368 0.2 0.8478260869565217 0.1377659574468085 0.9366729678638941 0.1271276595744681 0.9603024574669187 0.1202127659574468 0.9914933837429112 0.12003546117021276 1 0.826418439893617 1 0.8335106382978723 0.9848771266540642 0.8409574468085106 0.9536862003780718 0.8329787234042553 0.9366729678638941 0.8026595744680851 0.9054820415879017 0.7042553191489361 0.777882797731569 0.6484042553191489 0.6852551984877127 0.6276595744680851 0.6710775047258979 0.6154255319148936 0.6521739130434783 0.5936170212765958 0.6408317580340265 0.5808510638297872 0.6200378071833649 0.5659574468085107 0.6039697542533081 0.5404255319148936 0.5945179584120983 0.500531914893617 0.552930056710775 0.498936170212766 0.5283553875236295 0.5085106382978724 0.45179584120982985 0.5095744680851064 0.3827977315689981 0.5234042553191489 0.31096408317580343 0.5287234042553192 0.2948960302457467 0.5367021276595745 0.2334593572778828 0.5414893617021277 0.21361058601134217 0.5574468085106383 0.08506616257088846 0.5585106382978723 0.034026465028355386 0.5661702127659575 0 0.550942249468085 0 0.550531914893617 0.000945179584120983 0.5503647414893617 0 0.5465721042553192 0 0.5446808510638298 0.030245746691871456 0.5377659574468086 0.027410207939508508 0.5281914893617021 0.010396975425330813 0.5262411345744681 0 0.3238823053191489 0
4 0 0 0 0.17963858601134217 0.035307236170212766 0.19165239035916823 0.0411583 0.18881685160680528 0.046477448936170215 0.1774746965973535 0.05179659787234043 0.17558433742911153 0.05658383191489362 0.17936505576559544 0.0661583 0.203939724952741 0.07307319361702128 0.2096108024574669 0.1087114914893617 0.22378849621928165 0.24115830000000002 0.2880607079395085 0.3103072361702128 0.32870343005671077 0.32200936382978723 0.3391004054820416 0.34913702340425534 0.34855220132325143 0.35445617234042553 0.33626486672967865 0.3533923425531915 0.30790947920604916 0.33211574680851064 0.1935427495274102 0.3262646829787234 0.13588679489603023 0.32470402074468085 0 0 0
4 0.5675848728723405 0 0.5281914893617021 0.29773156899810965 0.5212765957446809 0.3383742911153119 0.5079787234042553 0.3837429111531191 0.5148936170212766 0.4215500945179584 0.5329787234042553 0.4810964083175803 0.5367021276595745 0.4867674858223062 0.548936170212766 0.4924385633270321 0.5803191489361702 0.5179584120982986 0.5882978723404255 0.5151228733459358 0.6047872340425532 0.4659735349716446 0.6069148936170212 0.45274102079395084 0.6111702127659574 0.44517958412098296 0.6127659574468085 0.42911153119092627 0.6175531914893617 0.42060491493383745 0.6191489361702127 0.4064272211720227 0.627127659574468 0.3771266540642722 0.6335106382978724 0.3638941398865784 0.6356382978723404 0.3686200378071834 0.6351063829787233 0.3790170132325142 0.6186170212765958 0.43005671077504726 0.6143617021276596 0.4603024574669187 0.6218085106382979 0.45841209829867674 0.6781914893617021 0.3771266540642722 0.6893617021276596 0.3497164461247637 0.7074468085106383 0.31758034026465026 0.7063829787234043 0.31190926275992437 0.6962765957446808 0.3052930056710775 0.6920212765957446 0.29300567107750475 0.6936170212765957 0.2674858223062382 0.6888297872340425 0.2438563327032136 0.6968085106382979 0.21361058601134217 0.7031914893617022 0.20226843100189035 0.7148936170212766 0.19092627599243855 0.7308510638297873 0.1833648393194707 0.7420212765957447 0.18525519848771266 0.7601063829787233 0.2051039697542533 0.7675531914893617 0.21928166351606806 0.7675531914893617 0.2334593572778828 0.7515957446808511 0.27977315689981097 0.75 0.29300567107750475 0.7542553191489362 0.30340264650283555 0.7632978723404256 0.31190926275992437 0.7712765957446809 0.32514177693761814 0.7797872340425532 0.35255198487712663 0.7856382978723404 0.387523629489603 0.7824468085106383 0.42344045368620037 0.777127659574468 0.4546313799621928 0.7622340425531915 0.5151228733459358 0.7537234042553191 0.5396975425330813 0.7398936170212767 0.553875236294896 0.7324468085106383 0.5699432892249527 0.7297872340425532 0.6030245746691871 0.7308510638297873 0.6162570888468809 0.773936170212766 0.6455576559546313 0.7861702127659574 0.6502835538752363 0.8037234042553192 0.6285444234404537 0.8170212765957446 0.6058601134215501 0.8191489361702128 0.5964083175803403 0.8186170212765957 0.5831758034026465 0.801595744680851 0.5179584120982986 0.7962765957446809 0.4546313799621928 0.7882978723404256 0.43572778827977315 0.7893617021276595 0.4224952741020794 0.7978723404255319 0.4168241965973535 0.8063829787234043 0.44045368620037806 0.825 0.5406427221172023 0.8361702127659575 0.5699432892249527 0.8446808510638298 0.5737240075614367 0.85 0.5642722117202268 0.8531914893617021 0.5500945179584121 0.8601063829787234 0.5434782608695652 0.8845744680851064 0.5491493383742911 0.8952127659574468 0.5642722117202268 0.8968085106382979 0.5793950850661626 0.8930851063829788 0.5954631379962193 0.8824468085106383 0.6077504725897921 0.8734042553191489 0.610586011342155 0.8686170212765958 0.6200378071833649 0.8781914893617021 0.6332703213610587 0.8803191489361702 0.6587901701323251 0.875 0.6729678638941399 0.8590425531914894 0.6918714555765595 0.8595744680851064 0.6956521739130435 0.9941489361702127 0.7665406427221172 1 0.7710610671077505 1 0 0.5675848728723405 0