2 0.34065934065934067 0.3515625 0.3489010989010989 0.38671875 0.3675824175824176 0.416015625 0.37032967032967035 0.431640625 0.38076923076923075 0.4404296875 0.4010989010989011 0.447265625 0.41098901098901097 0.4638671875 0.4258241758241758 0.4765625 0.4412087912087912 0.470703125 0.4532967032967033 0.4580078125 0.4604395604395604 0.4599609375 0.4565934065934066 0.4423828125 0.43956043956043955 0.4013671875 0.4142857142857143 0.38671875 0.41098901098901097 0.390625 0.39505494505494504 0.3662109375 0.3901098901098901 0.32421875 0.3840659340659341 0.3134765625 0.37252747252747254 0.3125 0.37142857142857144 0.2763671875 0.36428571428571427 0.2685546875 0.35824175824175825 0.2685546875 0.3505494505494505 0.279296875 0.34945054945054943 0.29296875 0.3532967032967033 0.31640625 0.3423076923076923 0.330078125 0.34065934065934067 0.3515625
0 0.5649725274725275 0 0.5637362637362637 0.0087890625 0.5675824175824176 0.0751953125 0.5681318681318681 0.15625 0.573076923076923 0.30078125 0.5659340659340659 0.380859375 0.5758241758241758 0.419921875 0.5725274725274725 0.431640625 0.4725274725274725 0.4560546875 0.3934065934065934 0.501953125 0.3120879120879121 0.5361328125 0.30714285714285716 0.54296875 0.3065934065934066 0.5537109375 0.33076923076923076 0.5703125 0.33901098901098903 0.603515625 0.3362637362637363 0.6103515625 0.2868131868131868 0.6484375 0.13956043956043956 0.7431640625 0.06758241758241758 0.7822265625 0 0.81341083203125 0 1 0.1358641357142857 1 0.18681318681318682 0.9609375 0.22857142857142856 0.923828125 0.28186813186813187 0.8701171875 0.31373626373626373 0.833984375 0.33791208791208793 0.80078125 0.4043956043956044 0.7001953125 0.4115384615384615 0.6875 0.41593406593406596 0.6708984375 0.4258241758241758 0.6494140625 0.4434065934065934 0.6171875 0.4736263736263736 0.587890625 0.48736263736263735 0.5595703125 0.4956043956043956 0.525390625 0.5236263736263737 0.5166015625 0.5681318681318681 0.5146484375 0.573076923076923 0.517578125 0.5763736263736263 0.5244140625 0.5763736263736263 0.5322265625 0.573076923076923 0.5673828125 0.5692307692307692 0.5810546875 0.5692307692307692 0.5966796875 0.5741758241758241 0.6083984375 0.5796703296703297 0.6142578125 0.595054945054945 0.6181640625 0.6043956043956044 0.6083984375 0.595054945054945 0.564453125 0.5972527472527472 0.5166015625 0.610989010989011 0.5087890625 0.6604395604395604 0.509765625 0.6978021978021978 0.51953125 0.7576923076923077 0.5244140625 0.8082417582417583 0.5390625 0.8406593406593407 0.552734375 0.8225274725274725 0.5615234375 0.7730769230769231 0.568359375 0.7637362637362637 0.57421875 0.7604395604395604 0.58203125 0.765934065934066 0.5908203125 0.7714285714285715 0.6123046875 0.7884615384615384 0.6474609375 0.7934065934065934 0.6767578125 0.8296703296703297 0.7412109375 0.8412087912087912 0.7666015625 0.8626373626373627 0.7919921875 0.8928571428571429 0.837890625 0.9071428571428571 0.8544921875 0.9318681318681319 0.876953125 0.9653846153846154 0.9140625 1 0.9419403076171875 1 0.6724403779296875 0.9543956043956044 0.642578125 0.8956043956043956 0.611328125 0.889010989010989 0.5947265625 0.8873626373626373 0.58203125 0.8895604395604395 0.537109375 0.8857142857142857 0.5244140625 0.8791208791208791 0.5166015625 0.8296703296703297 0.4931640625 0.8148351648351648 0.48046875 0.8104395604395604 0.470703125 0.8093406593406594 0.416015625 0.8148351648351648 0.3701171875 0.8186813186813187 0.3603515625 0.828021978021978 0.36328125 0.904945054945055 0.361328125 0.9642857142857143 0.353515625 1 0.344447544921875 1 0 0.890315934065934 0 0.8895604395604395 0.0009765625 0.8846153846153846 0.0419921875 0.878021978021978 0.0732421875 0.8571428571428571 0.13671875 0.8153846153846154 0.28515625 0.8126373626373626 0.3154296875 0.8153846153846154 0.337890625 0.8120879120879121 0.34765625 0.7796703296703297 0.3505859375 0.7324175824175824 0.373046875 0.7005494505494505 0.3857421875 0.6763736263736264 0.390625 0.667032967032967 0.3974609375 0.6296703296703297 0.412109375 0.6170329670329671 0.4013671875 0.6126373626373627 0.384765625 0.6153846153846154 0.3125 0.6208791208791209 0.3115234375 0.6351648351648351 0.32421875 0.671978021978022 0.36328125 0.6840659340659341 0.3623046875 0.6895604395604396 0.353515625 0.6989010989010989 0.2890625 0.7120879120879121 0.2333984375 0.7192307692307692 0.1845703125 0.7296703296703296 0.0478515625 0.7296703296703296 0.0009765625 0.729326923076923 0 0.5649725274725275 0
3 0.6906593406593406 0.36328125 0.6961538461538461 0.3779296875 0.7131868131868132 0.380859375 0.7879120879120879 0.3447265625 0.8060439560439561 0.345703125 0.8104395604395604 0.33984375 0.8065934065934066 0.310546875 0.8087912087912088 0.2861328125 0.8060439560439561 0.2783203125 0.8098901098901099 0.2685546875 0.8010989010989011 0.2685546875 0.8038461538461539 0.2783203125 0.7961538461538461 0.2861328125 0.7917582417582417 0.2958984375 0.7846153846153846 0.2802734375 0.7862637362637362 0.2685546875 0.737912087912088 0.259765625 0.7126373626373627 0.263671875 0.7032967032967034 0.2685546875 0.6989010989010989 0.2763671875 0.6895604395604396 0.3466796875 0.6906593406593406 0.36328125
3 0.41098901098901097 0.3544921875 0.41923076923076924 0.3623046875 0.43351648351648353 0.3671875 0.4368131868131868 0.3720703125 0.43241758241758244 0.3818359375 0.43241758241758244 0.390625 0.44560439560439563 0.41015625 0.45 0.42578125 0.4576923076923077 0.439453125 0.47307692307692306 0.4482421875 0.4901098901098901 0.4248046875 0.4956043956043956 0.4091796875 0.5010989010989011 0.40234375 0.5571428571428572 0.4052734375 0.5631868131868132 0.4013671875 0.5615384615384615 0.3818359375 0.5692307692307692 0.3359375 0.5703296703296703 0.2939453125 0.5692307692307692 0.287109375 0.5653846153846154 0.283203125 0.5510989010989011 0.283203125 0.4087912087912088 0.3037109375 0.40054945054945057 0.3115234375 0.40054945054945057 0.3232421875 0.40384615384615385 0.33984375 0.41098901098901097 0.3544921875
3 1 0.341224888671875 0.9664835164835165 0.3505859375 0.9093406593406593 0.3583984375 0.8549450549450549 0.3623046875 0.817032967032967 0.3603515625 0.8126373626373626 0.3681640625 0.8126373626373626 0.3828125 0.8043956043956044 0.4140625 0.8016483516483517 0.46875 0.8098901098901099 0.4814453125 0.8186813186813187 0.486328125 0.8868131868131868 0.5146484375 0.9131868131868132 0.517578125 0.9241758241758242 0.5234375 0.9291208791208792 0.533203125 0.9296703296703297 0.5439453125 0.9230769230769231 0.552734375 0.9010989010989011 0.568359375 0.8928571428571429 0.58984375 0.8945054945054945 0.603515625 1 0.6724494482421876 1 0.341224888671875
3 0 0.8097540224609375 0.007142857142857143 0.8076171875 0.11483516483516483 0.755859375 0.16538461538461538 0.7275390625 0.260989010989011 0.666015625 0.33791208791208793 0.60546875 0.3384615384615385 0.591796875 0.33296703296703295 0.5712890625 0.3269230769230769 0.5615234375 0.310989010989011 0.5537109375 0.3087912087912088 0.548828125 0.3098901098901099 0.5400390625 0.4076923076923077 0.4912109375 0.4208791208791209 0.482421875 0.42142857142857143 0.4755859375 0.40714285714285714 0.45703125 0.3791208791208791 0.4404296875 0.36813186813186816 0.42578125 0.35 0.3896484375 0.34285714285714286 0.3642578125 0.34175824175824177 0.345703125 0.34615384615384615 0.326171875 0.3456043956043956 0.3173828125 0.3412087912087912 0.3125 0.3335164835164835 0.3125 0.2098901098901099 0.3330078125 0.056593406593406594 0.3681640625 0 0.3785274619140625 0 0.8097540224609375
1 0.38571428571428573 0.3046875 0.4434065934065934 0.29296875 0.528021978021978 0.283203125 0.5746611478021979 0.2767424453125 0.5747933983516483 0.26341698828125 0.5324175824175824 0.2705078125 0.3791208791208791 0.2861328125 0.3708791208791209 0.291015625 0.36648351648351646 0.2978515625 0.3747252747252747 0.3037109375 0.38571428571428573 0.3046875
1 0 0.3765169140625 0.22472527472527473 0.3291015625 0.3467032967032967 0.3115234375 0.3576923076923077 0.3046875 0.3554945054945055 0.2958984375 0.34395604395604396 0.291015625 0.2368131868131868 0.298828125 0.16538461538461538 0.3173828125 0.007692307692307693 0.345703125 0 0.3479817705078125 0 0.3765169140625
1 0.7515634824175824 0.2588539814453125 0.701521610989011 0.262510259765625 0.7000909093406594 0.275056005859375 0.754514710989011 0.2688818857421875 0.8190633203296702 0.27039293359375 0.8203176379120879 0.2635782685546875 0.7515634824175824 0.2588539814453125
4 0.7304029302197802 0 0.7285714285714285 0.005859375 0.7285714285714285 0.0458984375 0.7241758241758242 0.1171875 0.7197802197802198 0.138671875 0.7137362637362638 0.2216796875 0.7071428571428572 0.248046875 0.7076923076923077 0.255859375 0.7549450549450549 0.259765625 0.789010989010989 0.2578125 0.8126373626373626 0.2626953125 0.8219780219780219 0.255859375 0.8285714285714286 0.244140625 0.8593406593406593 0.1298828125 0.8763736263736264 0.080078125 0.8846153846153846 0.044921875 0.8898809521978022 0 0.7304029302197802 0
4 0 0 0 0.3483119423828125 0.004945054945054945 0.3466796875 0.16648351648351647 0.3173828125 0.24175824175824176 0.2978515625 0.33791208791208793 0.291015625 0.34505494505494505 0.287109375 0.3516483516483517 0.2763671875 0.3598901098901099 0.2705078125 0.3686813186813187 0.2734375 0.3747252747252747 0.28125 0.4142857142857143 0.2822265625 0.5164835164835165 0.2734375 0.5719780219780219 0.2626953125 0.5736263736263736 0.2548828125 0.5714285714285714 0.2294921875 0.5664835164835165 0.0048828125 0.5647664835164835 0 0 0
3 1 0.945162259765625 0.9521978021978021 0.8994140625 0.8901098901098901 0.830078125 0.843956043956044 0.765625 0.7994505494505495 0.677734375 0.7818681318681319 0.6513671875 0.7456043956043956 0.626953125 0.7285714285714285 0.6025390625 0.7131868131868132 0.5869140625 0.6901098901098901 0.5751953125 0.6873626373626374 0.5693359375 0.6857142857142857 0.546875 0.6747252747252748 0.5234375 0.6576923076923077 0.5107421875 0.6175824175824176 0.505859375 0.6005494505494505 0.5107421875 0.5917582417582418 0.5185546875 0.5637362637362637 0.51171875 0.539010989010989 0.517578125 0.528021978021978 0.5244140625 0.5208791208791209 0.53515625 0.5010989010989011 0.5791015625 0.4736263736263736 0.591796875 0.4593406593406593 0.6044921875 0.4175824175824176 0.6611328125 0.40384615384615385 0.6904296875 0.3362637362637363 0.80078125 0.2934065934065934 0.8564453125 0.22967032967032966 0.921875 0.18626373626373627 0.9609375 0.15054945054945054 0.9892578125 0.13402930384615386 1 1 1 1 0.945162259765625