2 0.3707865168539326 0.316 0.3792134831460674 0.352 0.39831460674157304 0.382 0.401123595505618 0.398 0.4117977528089888 0.407 0.43258426966292135 0.414 0.44269662921348313 0.431 0.45786516853932585 0.444 0.47359550561797753 0.438 0.4859550561797753 0.425 0.49325842696629213 0.427 0.4893258426966292 0.409 0.47191011235955055 0.367 0.4460674157303371 0.352 0.44269662921348313 0.356 0.4264044943820225 0.331 0.42134831460674155 0.288 0.4151685393258427 0.277 0.40337078651685393 0.276 0.40224719101123596 0.239 0.3949438202247191 0.231 0.3887640449438202 0.231 0.3808988764044944 0.242 0.3797752808988764 0.256 0.38370786516853933 0.28 0.3724719101123595 0.294 0.3707865168539326 0.316
0 0.6009005286516854 0 0.602808988764045 0.033 0.6033707865168539 0.116 0.6084269662921349 0.264 0.601123595505618 0.346 0.6112359550561798 0.386 0.6078651685393258 0.398 0.5056179775280899 0.423 0.4247191011235955 0.47 0.3415730337078652 0.505 0.3365168539325843 0.512 0.3359550561797753 0.523 0.36067415730337077 0.54 0.3691011235955056 0.574 0.36629213483146067 0.581 0.31573033707865167 0.62 0.1651685393258427 0.717 0.09157303370786517 0.757 0 0.799317308 0 1 0.13534218595505618 1 0.21348314606741572 0.94 0.25617977528089886 0.902 0.3106741573033708 0.847 0.3432584269662921 0.81 0.36797752808988765 0.776 0.43595505617977526 0.673 0.44325842696629214 0.66 0.447752808988764 0.643 0.45786516853932585 0.621 0.47584269662921347 0.588 0.5067415730337078 0.558 0.5207865168539326 0.529 0.5292134831460674 0.494 0.5578651685393259 0.485 0.6033707865168539 0.483 0.6084269662921349 0.486 0.6117977528089887 0.493 0.6117977528089887 0.501 0.6084269662921349 0.537 0.604494382022472 0.551 0.604494382022472 0.567 0.6095505617977528 0.579 0.6151685393258427 0.585 0.6308988764044944 0.589 0.6404494382022472 0.579 0.6308988764044944 0.534 0.6331460674157303 0.485 0.647191011235955 0.477 0.697752808988764 0.478 0.7359550561797753 0.488 0.797191011235955 0.493 0.8488764044943821 0.508 0.8820224719101124 0.522 0.8634831460674157 0.531 0.8129213483146067 0.538 0.8033707865168539 0.544 0.8 0.552 0.8056179775280898 0.561 0.8112359550561797 0.583 0.8286516853932584 0.619 0.8337078651685393 0.649 0.8707865168539326 0.715 0.8825842696629214 0.741 0.9044943820224719 0.767 0.9353932584269663 0.814 0.95 0.831 0.9752808988764045 0.854 1 0.881409836 1 0.615105263 0.998314606741573 0.614 0.9382022471910112 0.582 0.9314606741573034 0.565 0.9297752808988764 0.552 0.9320224719101123 0.506 0.9280898876404494 0.493 0.9213483146067416 0.485 0.8707865168539326 0.461 0.8556179775280899 0.448 0.851123595505618 0.438 0.85 0.382 0.8556179775280899 0.335 0.8595505617977528 0.325 0.8691011235955056 0.328 0.947752808988764 0.326 1 0.319111111 1 0 0.926755617977528 0 0.9202247191011236 0.031 0.898876404494382 0.096 0.8561797752808988 0.248 0.8533707865168539 0.279 0.8561797752808988 0.302 0.852808988764045 0.312 0.8196629213483146 0.315 0.7713483146067416 0.338 0.7387640449438202 0.351 0.7140449438202248 0.356 0.7044943820224719 0.363 0.6662921348314607 0.378 0.653370786516854 0.367 0.648876404494382 0.35 0.651685393258427 0.276 0.6573033707865169 0.275 0.6719101123595506 0.288 0.7095505617977528 0.328 0.7219101123595506 0.327 0.7275280898876404 0.318 0.7370786516853932 0.252 0.750561797752809 0.195 0.7578651685393258 0.145 0.7685393258426966 0.005 0.7685393258426966 0 0.6009005286516854 0
3 0.7286516853932584 0.328 0.7342696629213483 0.343 0.751685393258427 0.346 0.8280898876404494 0.309 0.846629213483146 0.31 0.851123595505618 0.304 0.8471910112359551 0.274 0.849438202247191 0.249 0.846629213483146 0.241 0.8505617977528089 0.231 0.8415730337078652 0.231 0.8443820224719101 0.241 0.8365168539325842 0.249 0.8320224719101124 0.259 0.8247191011235955 0.243 0.8264044943820225 0.231 0.7769662921348315 0.222 0.751123595505618 0.226 0.7415730337078652 0.231 0.7370786516853932 0.239 0.7275280898876404 0.311 0.7286516853932584 0.328
3 0.44269662921348313 0.319 0.451123595505618 0.327 0.4657303370786517 0.332 0.4691011235955056 0.337 0.4646067415730337 0.347 0.4646067415730337 0.356 0.47808988764044946 0.376 0.48258426966292134 0.392 0.4904494382022472 0.406 0.5061797752808989 0.415 0.5235955056179775 0.391 0.5292134831460674 0.375 0.5348314606741573 0.368 0.5921348314606741 0.371 0.598314606741573 0.367 0.596629213483146 0.347 0.604494382022472 0.3 0.6056179775280899 0.257 0.604494382022472 0.25 0.6005617977528089 0.246 0.5859550561797753 0.246 0.4404494382022472 0.267 0.43202247191011234 0.275 0.43202247191011234 0.287 0.4353932584269663 0.304 0.44269662921348313 0.319
3 1 0.31646153800000004 0.952247191011236 0.323 0.8966292134831461 0.327 0.8578651685393258 0.325 0.8533707865168539 0.333 0.8533707865168539 0.348 0.8449438202247191 0.38 0.8421348314606741 0.436 0.8505617977528089 0.449 0.8595505617977528 0.454 0.9292134831460674 0.483 0.9561797752808989 0.486 0.9674157303370786 0.492 0.9724719101123596 0.502 0.9730337078651685 0.513 0.9662921348314607 0.522 0.9438202247191011 0.538 0.9353932584269663 0.56 0.9370786516853933 0.574 1 0.615176471 1 0.31646153800000004
3 0 0.791920792 0.029775280898876405 0.783 0.1398876404494382 0.73 0.19157303370786516 0.701 0.2893258426966292 0.638 0.36797752808988765 0.576 0.3685393258426966 0.562 0.36292134831460676 0.541 0.35674157303370785 0.531 0.3404494382022472 0.523 0.3382022471910112 0.518 0.3393258426966292 0.509 0.4393258426966292 0.459 0.45280898876404496 0.45 0.4533707865168539 0.443 0.4387640449438202 0.424 0.4101123595505618 0.407 0.398876404494382 0.392 0.38033707865168537 0.355 0.37303370786516854 0.329 0.37191011235955057 0.31 0.37640449438202245 0.29 0.3758426966292135 0.281 0.37134831460674156 0.276 0.3634831460674157 0.276 0.23707865168539327 0.297 0.08033707865168539 0.333 0 0.34773333300000003 0 0.791920792
1 0.41685393258426967 0.268 0.47584269662921347 0.256 0.5623595505617978 0.246 0.6100467915730338 0.239384264 0.6101820140449438 0.225738996 0.5668539325842696 0.233 0.4101123595505618 0.249 0.40168539325842695 0.254 0.39719101123595507 0.261 0.40561797752808987 0.267 0.41685393258426967 0.268
1 0 0.34630181099999996 0.25224719101123594 0.293 0.37696629213483146 0.275 0.38820224719101126 0.268 0.38595505617977527 0.259 0.3741573033707865 0.254 0.2646067415730337 0.262 0.19157303370786516 0.281 0.030337078651685393 0.31 0 0.319 0 0.34630181099999996
1 0.7909244595505618 0.22106647699999998 0.7397580516853933 0.224810506 0.7382951994382023 0.23765735000000002 0.7939420078651686 0.23133505099999999 0.8599411477528089 0.232882364 0.861223652247191 0.225904147 0.7909244595505618 0.22106647699999998
4 0.7674157303370787 0 0.7674157303370787 0.003 0.7629213483146068 0.076 0.7584269662921348 0.098 0.7522471910112359 0.183 0.7455056179775281 0.21 0.7460674157303371 0.218 0.7943820224719101 0.222 0.8292134831460675 0.22 0.8533707865168539 0.225 0.8629213483146068 0.218 0.8696629213483146 0.206 0.9011235955056179 0.089 0.9185393258426966 0.038 0.9269662921348315 0.002 0.9272003747191011 0 0.7674157303370787 0
4 0 0 0 0.3201 0.02752808988764045 0.311 0.19269662921348316 0.281 0.2696629213483146 0.261 0.36797752808988765 0.254 0.3752808988764045 0.25 0.38202247191011235 0.239 0.3904494382022472 0.233 0.399438202247191 0.236 0.40561797752808987 0.244 0.4460674157303371 0.245 0.550561797752809 0.236 0.6073033707865169 0.225 0.6089887640449438 0.217 0.6067415730337079 0.191 0.6025427455056179 0 0 0
3 1 0.880769231 0.9960674157303371 0.877 0.9325842696629213 0.806 0.8853932584269663 0.74 0.8398876404494382 0.65 0.8219101123595506 0.623 0.7848314606741573 0.598 0.7674157303370787 0.573 0.751685393258427 0.557 0.7280898876404495 0.545 0.7252808988764045 0.539 0.7235955056179775 0.516 0.7123595505617978 0.492 0.6949438202247191 0.479 0.6539325842696629 0.474 0.6365168539325843 0.479 0.6275280898876404 0.487 0.5988764044943821 0.48 0.5735955056179776 0.486 0.5623595505617978 0.493 0.5550561797752809 0.504 0.5348314606741573 0.549 0.5067415730337078 0.562 0.49213483146067416 0.575 0.449438202247191 0.633 0.4353932584269663 0.663 0.36629213483146067 0.776 0.32247191011235954 0.833 0.2573033707865168 0.9 0.21292134831460674 0.94 0.17640449438202246 0.969 0.1303370786516854 0.999 0.12936670056179775 1 1 1 1 0.880769231