2 0.3695652173913043 0.31160896130346233 0.3781464530892448 0.34826883910386963 0.3975972540045767 0.3788187372708758 0.40045766590389015 0.395112016293279 0.41132723112128144 0.40427698574338083 0.43249427917620137 0.41140529531568226 0.44279176201373 0.4287169042769857 0.4582379862700229 0.4419551934826884 0.4742562929061785 0.43584521384928715 0.4868421052631579 0.4226069246435845 0.494279176201373 0.42464358452138495 0.4902745995423341 0.4063136456211813 0.47254004576659037 0.3635437881873727 0.4462242562929062 0.34826883910386963 0.44279176201373 0.35234215885947046 0.42620137299771166 0.3268839103869654 0.42105263157894735 0.2830957230142566 0.4147597254004577 0.27189409368635437 0.40274599542334094 0.2708757637474542 0.40160183066361554 0.23319755600814665 0.39416475972540044 0.225050916496945 0.3878718535469107 0.225050916496945 0.37986270022883295 0.23625254582484725 0.37871853546910755 0.2505091649694501 0.38272311212814647 0.27494908350305497 0.37128146453089245 0.2892057026476578 0.3695652173913043 0.31160896130346233
0 0.6044807511441648 0 0.6058352402745996 0.023421588594704685 0.6064073226544623 0.1079429735234216 0.6115560640732265 0.25865580448065173 0.6041189931350115 0.3421588594704684 0.61441647597254 0.38289205702647655 0.6109839816933639 0.395112016293279 0.5068649885583524 0.42057026476578413 0.4244851258581236 0.4684317718940937 0.33981693363844395 0.5040733197556008 0.33466819221967964 0.5112016293279023 0.3340961098398169 0.5224032586558045 0.35926773455377575 0.539714867617108 0.36784897025171626 0.5743380855397149 0.36498855835240274 0.5814663951120163 0.3135011441647597 0.6211812627291242 0.16018306636155608 0.719959266802444 0.08524027459954234 0.7606924643584522 0 0.8000842077393076 0 1 0.14042022025171624 1 0.20938215102974828 0.9470468431771895 0.2528604118993135 0.9083503054989817 0.3083524027459954 0.8523421588594705 0.341533180778032 0.814663951120163 0.36670480549199086 0.780040733197556 0.43592677345537756 0.675152749490835 0.44336384439359267 0.6619144602851323 0.44794050343249425 0.6446028513238289 0.4582379862700229 0.6221995926680245 0.4765446224256293 0.5885947046843177 0.5080091533180778 0.5580448065173116 0.5223112128146453 0.5285132382892057 0.5308924485125858 0.49287169042769857 0.5600686498855835 0.48370672097759676 0.6064073226544623 0.4816700610997963 0.6115560640732265 0.4847250509164969 0.6149885583524027 0.49185336048879835 0.6149885583524027 0.5 0.6115560640732265 0.5366598778004074 0.6075514874141876 0.5509164969450102 0.6075514874141876 0.5672097759674134 0.6127002288329519 0.5794297352342159 0.618421052631579 0.5855397148676171 0.6344393592677345 0.5896130346232179 0.6441647597254004 0.5794297352342159 0.6344393592677345 0.5336048879837068 0.6367276887871853 0.48370672097759676 0.6510297482837528 0.4755600814663951 0.7025171624713958 0.47657841140529533 0.7414187643020596 0.48676171079429736 0.8037757437070938 0.49185336048879835 0.8564073226544623 0.5071283095723014 0.8901601830663616 0.5213849287169042 0.8712814645308925 0.5305498981670062 0.8197940503432495 0.5376782077393075 0.8100686498855835 0.5437881873727087 0.8066361556064073 0.5519348268839104 0.8123569794050344 0.5610997963340122 0.8180778032036613 0.5835030549898167 0.835812356979405 0.620162932790224 0.8409610983981693 0.6507128309572301 0.8787185354691075 0.7179226069246436 0.8907322654462243 0.7443991853360489 0.9130434782608695 0.7708757637474541 0.9445080091533181 0.8187372708757638 0.9593821510297483 0.8360488798370672 0.9851258581235698 0.8594704684317719 1 0.8759640743380855 1 0.6105030743380855 0.9473684210526315 0.5824847250509165 0.9405034324942791 0.5651731160896131 0.9387871853546911 0.5519348268839104 0.9410755148741419 0.505091649694501 0.937070938215103 0.49185336048879835 0.9302059496567505 0.48370672097759676 0.8787185354691075 0.4592668024439919 0.8632723112128147 0.4460285132382892 0.8586956521739131 0.43584521384928715 0.8575514874141876 0.3788187372708758 0.8632723112128147 0.33095723014256617 0.8672768878718535 0.32077393075356414 0.8770022883295194 0.32382892057026474 0.9570938215102975 0.32179226069246436 1 0.3161348716904277 1 0 0.9335669336384439 0 0.9290617848970252 0.021384928716904276 0.9073226544622426 0.08757637474541752 0.8638443935926774 0.24236252545824846 0.8609839816933639 0.2739307535641548 0.8638443935926774 0.2973523421588595 0.8604118993135011 0.3075356415478615 0.8266590389016019 0.3105906313645621 0.7774599542334096 0.3340122199592668 0.744279176201373 0.34725050916496947 0.7191075514874142 0.35234215885947046 0.7093821510297483 0.3594704684317719 0.6704805491990846 0.37474541751527496 0.6573226544622426 0.3635437881873727 0.652745995423341 0.34623217922606925 0.6556064073226545 0.2708757637474542 0.6613272311212814 0.269857433808554 0.6762013729977117 0.2830957230142566 0.7145308924485125 0.32382892057026474 0.727116704805492 0.3228105906313646 0.732837528604119 0.3136456211812627 0.7425629290617849 0.24643584521384929 0.7562929061784897 0.18839103869653767 0.7637299771167048 0.13747454175152748 0.7742113438215104 0 0.6044807511441648 0
3 0.7339816933638444 0.32382892057026474 0.7397025171624714 0.3391038696537678 0.7574370709382151 0.3421588594704684 0.8352402745995423 0.3044806517311609 0.8541189931350115 0.3054989816700611 0.8586956521739131 0.29938900203665986 0.8546910755148741 0.26883910386965376 0.8569794050343249 0.24338085539714868 0.8541189931350115 0.23523421588594703 0.8581235697940504 0.225050916496945 0.8489702517162472 0.225050916496945 0.8518306636155606 0.23523421588594703 0.8438215102974829 0.24338085539714868 0.8392448512585813 0.2535641547861507 0.8318077803203662 0.23727087576374745 0.8335240274599542 0.225050916496945 0.7831807780320366 0.2158859470468432 0.7568649885583524 0.219959266802444 0.7471395881006865 0.225050916496945 0.7425629290617849 0.23319755600814665 0.732837528604119 0.3065173116089613 0.7339816933638444 0.32382892057026474
3 0.44279176201373 0.31466395112016293 0.4513729977116705 0.3228105906313646 0.4662471395881007 0.32790224032586557 0.4696796338672769 0.3329938900203666 0.46510297482837526 0.34317718940936864 0.46510297482837526 0.35234215885947046 0.4788329519450801 0.3727087576374745 0.4834096109839817 0.3890020366598778 0.4914187643020595 0.40325865580448067 0.5074370709382151 0.4124236252545825 0.5251716247139588 0.3879837067209776 0.5308924485125858 0.37169042769857435 0.5366132723112128 0.3645621181262729 0.5949656750572082 0.36761710794297353 0.601258581235698 0.3635437881873727 0.5995423340961098 0.34317718940936864 0.6075514874141876 0.2953156822810591 0.6086956521739131 0.2515274949083503 0.6075514874141876 0.24439918533604887 0.6035469107551488 0.24032586558044808 0.5886727688787186 0.24032586558044808 0.4405034324942792 0.26171079429735233 0.4319221967963387 0.269857433808554 0.4319221967963387 0.2820773930753564 0.4353546910755149 0.29938900203665986 0.44279176201373 0.31466395112016293
3 1 0.3134889551934827 0.9616704805491991 0.31873727087576376 0.9050343249427918 0.3228105906313646 0.8655606407322655 0.32077393075356414 0.8609839816933639 0.3289205702647658 0.8609839816933639 0.34419551934826886 0.8524027459954233 0.37678207739307534 0.8495423340961098 0.43380855397148677 0.8581235697940504 0.4470468431771894 0.8672768878718535 0.45213849287169044 0.9382151029748284 0.4816700610997963 0.965675057208238 0.4847250509164969 0.977116704805492 0.4908350305498982 0.9822654462242563 0.5010183299389002 0.982837528604119 0.5122199592668024 0.9759725400457666 0.5213849287169042 0.9530892448512586 0.5376782077393075 0.9445080091533181 0.560081466395112 0.9462242562929062 0.5743380855397149 1 0.6095303706720977 1 0.3134889551934827
3 0 0.7938537230142566 0.02231121281464531 0.7871690427698574 0.13443935926773457 0.7331975560081466 0.18707093821510298 0.7036659877800407 0.2866132723112128 0.639511201629328 0.36670480549199086 0.5763747454175153 0.36727688787185353 0.5621181262729125 0.36155606407322655 0.5407331975560081 0.35526315789473684 0.5305498981670062 0.33867276887871856 0.5224032586558045 0.33638443935926776 0.5173116089613035 0.33752860411899316 0.5081466395112016 0.43935926773455375 0.45723014256619143 0.45308924485125857 0.4480651731160896 0.4536613272311213 0.4409368635437882 0.4387871853546911 0.4215885947046843 0.4096109839816934 0.40427698574338083 0.39816933638443935 0.3890020366598778 0.3792906178489702 0.3513238289205703 0.3718535469107552 0.32484725050916496 0.3707093821510298 0.3054989816700611 0.37528604118993136 0.285132382892057 0.37471395881006864 0.2759674134419552 0.37013729977116705 0.2708757637474542 0.3621281464530893 0.2708757637474542 0.2334096109839817 0.29226069246435843 0.07379862700228833 0.3289205702647658 0 0.34245510081466396 0 0.7938537230142566
1 0.41647597254004576 0.26272912423625255 0.4765446224256293 0.2505091649694501 0.5646453089244852 0.24032586558044808 0.6132055429061786 0.2335888635437882 0.6133432408466819 0.21969347861507127 0.5692219679633868 0.22708757637474541 0.4096109839816934 0.24338085539714868 0.4010297482837529 0.2484725050916497 0.39645308924485123 0.2556008146639511 0.40503432494279173 0.26171079429735233 0.41647597254004576 0.26272912423625255
1 0 0.340773766802444 0.2488558352402746 0.28818737270875766 0.37585812356979403 0.269857433808554 0.38729977116704806 0.26272912423625255 0.38501144164759726 0.2535641547861507 0.37299771167048057 0.2484725050916497 0.261441647597254 0.25661914460285135 0.18707093821510298 0.2759674134419552 0.02288329519450801 0.3054989816700611 0 0.3122878482688391 0 0.340773766802444
1 0.7973944725400458 0.21493531262729124 0.7452913798627002 0.21874796945010183 0.7438017477116705 0.23183029531568228 0.80046726201373 0.22539210896130346 0.8676746241418763 0.22696778411405294 0.868980606979405 0.21986165682281059 0.7973944725400458 0.21493531262729124
4 0.7730165200228832 0 0.7688787185354691 0.06720977596741344 0.7643020594965675 0.08961303462321792 0.7580091533180778 0.17617107942973523 0.7511441647597255 0.20366598778004075 0.7517162471395881 0.21181262729124237 0.8009153318077803 0.2158859470468432 0.8363844393592678 0.21384928716904278 0.8609839816933639 0.2189409368635438 0.8707093821510298 0.21181262729124237 0.8775743707093822 0.19959266802443992 0.9096109839816934 0.08044806517311609 0.9273455377574371 0.028513238289205704 0.9340198323798626 0 0.7730165200228832 0
4 0 0 0 0.31313645621181263 0.02002288329519451 0.3065173116089613 0.18821510297482838 0.2759674134419552 0.2665903890160183 0.2556008146639511 0.36670480549199086 0.2484725050916497 0.37414187643020597 0.24439918533604887 0.38100686498855835 0.23319755600814665 0.38958810068649885 0.22708757637474541 0.3987414187643021 0.23014256619144602 0.40503432494279173 0.23828920570264767 0.4462242562929062 0.23930753564154786 0.5526315789473685 0.23014256619144602 0.6104118993135011 0.2189409368635438 0.6121281464530892 0.21079429735234215 0.6098398169336384 0.18431771894093688 0.6057879811212814 0 0 0
3 1 0.875853865580448 0.9416475972540046 0.8105906313645621 0.8935926773455377 0.7433808553971487 0.847254004576659 0.6517311608961304 0.8289473684210527 0.6242362525458248 0.7911899313501144 0.5987780040733197 0.7734553775743707 0.5733197556008147 0.7574370709382151 0.5570264765784114 0.7334096109839817 0.544806517311609 0.7305491990846682 0.5386965376782077 0.7288329519450801 0.515274949083503 0.717391304347826 0.4908350305498982 0.6996567505720824 0.4775967413441955 0.6578947368421053 0.4725050916496945 0.6401601830663616 0.4775967413441955 0.6310068649885584 0.48574338085539714 0.6018306636155606 0.4786150712830957 0.5760869565217391 0.4847250509164969 0.5646453089244852 0.49185336048879835 0.5572082379862701 0.5030549898167006 0.5366132723112128 0.5488798370672098 0.5080091533180778 0.5621181262729125 0.4931350114416476 0.575356415478615 0.4496567505720824 0.6344195519348269 0.4353546910755149 0.664969450101833 0.36498855835240274 0.780040733197556 0.32036613272311215 0.8380855397148677 0.2540045766590389 0.9063136456211812 0.20881006864988558 0.9470468431771895 0.17162471395881007 0.9765784114052953 0.1356598014874142 1 1 1 1 0.875853865580448