3 0.45987158908507225 0.5428571428571428 0.46468699839486355 0.5614285714285714 0.5417335473515249 0.5571428571428572 0.46308186195826645 0.5314285714285715 0.45987158908507225 0.5428571428571428
3 1 0.6779591842857143 0.78330658105939 0.6228571428571429 0.7544141252006421 0.62 0.7495987158908507 0.6271428571428571 0.7520064205457464 0.6342857142857142 0.7712680577849117 0.6314285714285715 0.8603531300160514 0.6557142857142857 1 0.7131797228571428 1 0.6779591842857143
3 0.442215088282504 0.5671428571428572 0.44703049759229535 0.5614285714285714 0.4446227929373997 0.5371428571428571 0.43659711075441415 0.5228571428571429 0.21107544141252008 0.45714285714285713 0.21829855537720708 0.5357142857142857 0.22873194221508827 0.5557142857142857 0.22953451043338685 0.5857142857142857 0.23354735152487963 0.5914285714285714 0.442215088282504 0.5671428571428572
2 0 0.6372789114285714 0.016051364365971106 0.64 0.05056179775280899 0.66 0.0593900481540931 0.6585714285714286 0.06581059390048154 0.6471428571428571 0.06581059390048154 0.64 0.07062600321027288 0.6371428571428571 0.08186195826645265 0.6585714285714286 0.09470304975922954 0.6557142857142857 0.11235955056179775 0.6328571428571429 0.12199036918138041 0.6128571428571429 0.12921348314606743 0.61 0.13081861958266452 0.5942857142857143 0.13643659711075443 0.5842857142857143 0.1565008025682183 0.5614285714285714 0.1653290529695024 0.58 0.16853932584269662 0.61 0.18940609951845908 0.6171428571428571 0.19823434991974317 0.6142857142857143 0.21268057784911718 0.6271428571428571 0.21669341894060995 0.6242857142857143 0.21829855537720708 0.61 0.21428571428571427 0.5542857142857143 0.2174959871589085 0.5185714285714286 0.20786516853932585 0.4542857142857143 0.20947030497592295 0.42428571428571427 0.22070626003210272 0.35428571428571426 0.2536115569823435 0.31285714285714283 0.26163723916532905 0.2742857142857143 0.2624398073836276 0.24 0.25441412520064205 0.18285714285714286 0.23836276083467095 0.1442857142857143 0.21910112359550563 0.12428571428571429 0.1926163723916533 0.11857142857142858 0.1781701444622793 0.13 0.16452648475120385 0.15857142857142856 0.15730337078651685 0.16428571428571428 0.1332263242375602 0.22428571428571428 0.12921348314606743 0.2571428571428571 0.1260032102728732 0.26285714285714284 0.11797752808988764 0.26142857142857145 0.10754414125200643 0.24857142857142858 0.08587479935794542 0.24 0.05778491171749599 0.24428571428571427 0.02247191011235955 0.23714285714285716 0.008025682182985553 0.24285714285714285 0 0.28169642857142857 0 0.6372789114285714
4 0.0655483683788122 0 0.02969502407704655 0.13428571428571429 0.014446227929373997 0.21285714285714286 0.00882825040128411 0.2257142857142857 0.01043338683788122 0.23714285714285716 0.06581059390048154 0.24142857142857144 0.0826645264847512 0.2357142857142857 0.12439807383627609 0.2357142857142857 0.17495987158908508 0.13428571428571429 0.19101123595505617 0.12 0.21348314606741572 0.12285714285714286 0.24719101123595505 0.14142857142857143 0.2479935794542536 0.16714285714285715 0.2592295345104334 0.20285714285714285 0.2624398073836276 0.27285714285714285 0.2552166934189406 0.30857142857142855 0.24077046548956663 0.3414285714285714 0.24237560192616373 0.36142857142857143 0.27929373996789725 0.3985714285714286 0.3619582664526485 0.4357142857142857 0.43820224719101125 0.4614285714285714 0.4446227929373997 0.4471428571428571 0.44542536115569825 0.40285714285714286 0.42215088282504015 0.24714285714285714 0.420545746388443 0.17714285714285713 0.4229534510433387 0.16857142857142857 0.4301765650080257 0.24285714285714285 0.43820224719101125 0.26857142857142857 0.44542536115569825 0.3342857142857143 0.45425361155698235 0.38142857142857145 0.45746388443017655 0.4614285714285714 0.4654895666131621 0.48 0.49036918138041735 0.49142857142857144 0.5112359550561798 0.5114285714285715 0.5553772070626003 0.5171428571428571 0.6091492776886035 0.5628571428571428 0.6316211878009631 0.5685714285714286 0.6468699839486356 0.5614285714285714 0.6693418940609952 0.58 0.7319422150882825 0.5885714285714285 0.7479935794542536 0.5857142857142857 0.7632423756019262 0.5685714285714286 0.7768860353130016 0.5442857142857143 0.7937399678972713 0.5285714285714286 0.7993579454253612 0.5157142857142857 0.8041733547351525 0.5142857142857142 0.8057784911717496 0.5285714285714286 0.7961476725521669 0.5657142857142857 0.78330658105939 0.5871428571428572 0.7865168539325843 0.6 0.8836276083467095 0.6085714285714285 0.9101123595505618 0.6 0.9446227929373997 0.6 0.9574638844301766 0.59 0.9654895666131621 0.59 0.971107544141252 0.5914285714285714 0.9823434991974318 0.61 1 0.6072268914285714 1 0 0.8419123009630819 0 0.8547351524879615 0.05285714285714286 0.8579454253611557 0.08571428571428572 0.8683788121990369 0.12 0.8932584269662921 0.2914285714285714 0.8972712680577849 0.3585714285714286 0.8932584269662921 0.37285714285714283 0.8868378812199037 0.3742857142857143 0.877207062600321 0.36714285714285716 0.8603531300160514 0.3028571428571429 0.8523274478330658 0.29 0.841091492776886 0.24857142857142858 0.8089887640449438 0.1742857142857143 0.7985553772070626 0.13285714285714287 0.7768860353130016 0.11142857142857143 0.7319422150882825 0.02142857142857143 0.7207062600321027 0.005714285714285714 0.718955202247191 0 0.0655483683788122 0
4 0 0 0 0.23739495857142856 0.009630818619582664 0.22428571428571428 0.016853932584269662 0.18142857142857144 0.021669341894060994 0.17 0.027287319422150885 0.12428571428571429 0.06442744462279294 0 0 0
1 0.5714285714285714 0.5642857142857143 0.6203852327447833 0.5714285714285714 0.5634028892455859 0.5257142857142857 0.5545746388443018 0.5128571428571429 0.5152487961476726 0.51 0.5 0.5014285714285714 0.4895666131621188 0.48857142857142855 0.4606741573033708 0.47714285714285715 0.45585874799357945 0.48714285714285716 0.45585874799357945 0.5114285714285715 0.45746388443017655 0.5285714285714286 0.4606741573033708 0.5328571428571428 0.5714285714285714 0.5642857142857143
1 0.9991974317817014 0.6057142857142858 0.9751203852327448 0.6071428571428571 0.9654895666131621 0.5957142857142858 0.9454253611556982 0.6028571428571429 0.9036918138041734 0.6 0.8868378812199037 0.6071428571428571 0.8651685393258427 0.6071428571428571 0.7873194221508828 0.5957142857142858 0.7720706260032103 0.6 0.7584269662921348 0.6142857142857143 0.7945425361155698 0.6285714285714286 0.9991974317817014 0.6785714285714286 0.9991974317817014 0.6057142857142858
1 0.43980738362760835 0.5228571428571429 0.442215088282504 0.5185714285714286 0.4438202247191011 0.4685714285714286 0.4406099518459069 0.46285714285714286 0.2752808988764045 0.3942857142857143 0.23595505617977527 0.3914285714285714 0.22231139646869985 0.4014285714285714 0.21268057784911718 0.44 0.21348314606741572 0.45285714285714285 0.4245585874799358 0.5228571428571429 0.43980738362760835 0.5228571428571429
0 0.7157280104333869 0 0.7640449438202247 0.08857142857142856 0.7873194221508828 0.1457142857142857 0.8154093097913323 0.19857142857142857 0.8210272873194222 0.22428571428571428 0.8418940609951846 0.27 0.848314606741573 0.29428571428571426 0.85553772070626 0.3028571428571429 0.8611556982343499 0.33 0.8876404494382022 0.36714285714285716 0.8940609951845907 0.36857142857142855 0.8972712680577849 0.3242857142857143 0.8860353130016051 0.22285714285714286 0.8691813804173355 0.10142857142857142 0.8506806195826645 0 0.7157280104333869 0
0 1 0.6803686642857143 0.7608346709470305 0.6185714285714285 0.7359550561797753 0.6228571428571429 0.7335473515248796 0.6128571428571429 0.7255216693418941 0.6071428571428571 0.6163723916532905 0.5742857142857143 0.557784911717496 0.5642857142857143 0.4959871589085072 0.5628571428571428 0.46468699839486355 0.5657142857142857 0.4518459069020867 0.5728571428571428 0.43258426966292135 0.5657142857142857 0.23996789727126805 0.5928571428571429 0.22792937399678972 0.6 0.22552166934189405 0.6157142857142858 0.21669341894060995 0.6328571428571429 0.20465489566613163 0.64 0.20224719101123595 0.6271428571428571 0.19502407704654895 0.6185714285714285 0.1781701444622793 0.61 0.16292134831460675 0.61 0.13563402889245585 0.6285714285714286 0.12921348314606743 0.64 0.1276083467094703 0.6614285714285715 0.12359550561797752 0.6714285714285714 0.1043338683788122 0.6814285714285714 0.06420545746388442 0.68 0.05698234349919743 0.6614285714285715 0.04975922953451043 0.6557142857142857 0.00882825040128411 0.6385714285714286 0 0.6371428571428571 0 1 1 1 1 0.6803686642857143