3 0.48278688524590163 0.5306122448979592 0.48770491803278687 0.5495626822157434 0.5663934426229508 0.5451895043731778 0.4860655737704918 0.5189504373177842 0.48278688524590163 0.5306122448979592
3 1 0.6597251151603499 0.8131147540983606 0.6122448979591837 0.7836065573770492 0.60932944606414 0.7786885245901639 0.6166180758017493 0.7811475409836065 0.6239067055393586 0.8008196721311476 0.6209912536443148 0.8918032786885246 0.6457725947521866 1 0.6902567478134111 1 0.6597251151603499
3 0.46475409836065573 0.5553935860058309 0.46967213114754097 0.5495626822157434 0.4672131147540984 0.5247813411078717 0.45901639344262296 0.5102040816326531 0.22868852459016392 0.44314868804664725 0.2360655737704918 0.5233236151603499 0.24672131147540985 0.543731778425656 0.24754098360655738 0.5743440233236151 0.25163934426229506 0.5801749271137027 0.46475409836065573 0.5553935860058309
2 0 0.6247396924198251 0.029508196721311476 0.6297376093294461 0.06475409836065574 0.6501457725947521 0.07377049180327869 0.6486880466472303 0.08032786885245902 0.6370262390670554 0.08032786885245902 0.6297376093294461 0.08524590163934426 0.6268221574344023 0.09672131147540984 0.6486880466472303 0.10983606557377049 0.6457725947521866 0.12786885245901639 0.6224489795918368 0.1377049180327869 0.6020408163265306 0.14508196721311475 0.5991253644314869 0.14672131147540984 0.5830903790087464 0.15245901639344261 0.5728862973760933 0.17295081967213113 0.5495626822157434 0.1819672131147541 0.5685131195335277 0.18524590163934426 0.5991253644314869 0.20655737704918034 0.6064139941690962 0.2155737704918033 0.6034985422740525 0.230327868852459 0.6166180758017493 0.23442622950819672 0.6137026239067055 0.2360655737704918 0.5991253644314869 0.2319672131147541 0.5422740524781341 0.23524590163934425 0.5058309037900874 0.22540983606557377 0.4402332361516035 0.22704918032786886 0.4096209912536443 0.23852459016393443 0.33819241982507287 0.2721311475409836 0.29591836734693877 0.28032786885245903 0.2565597667638484 0.28114754098360656 0.22157434402332363 0.27295081967213114 0.16326530612244897 0.2565573770491803 0.1239067055393586 0.23688524590163934 0.10349854227405247 0.2098360655737705 0.09766763848396501 0.19508196721311474 0.10932944606413994 0.18114754098360655 0.13848396501457727 0.1737704918032787 0.14431486880466474 0.14918032786885246 0.2055393586005831 0.14508196721311475 0.239067055393586 0.1418032786885246 0.24489795918367346 0.13360655737704918 0.2434402332361516 0.12295081967213115 0.2303206997084548 0.10081967213114754 0.22157434402332363 0.07213114754098361 0.2259475218658892 0.036065573770491806 0.21865889212827988 0.021311475409836064 0.22448979591836735 0 0.32753279883381925 0 0.6247396924198251
4 0.07382730081967212 0 0.04344262295081967 0.11370262390670553 0.027868852459016394 0.19387755102040816 0.022131147540983605 0.20699708454810495 0.023770491803278688 0.21865889212827988 0.08032786885245902 0.2230320699708455 0.09754098360655737 0.21720116618075802 0.14016393442622951 0.21720116618075802 0.1918032786885246 0.11370262390670553 0.2081967213114754 0.09912536443148688 0.23114754098360657 0.10204081632653061 0.26557377049180325 0.12099125364431487 0.26639344262295084 0.14723032069970846 0.2778688524590164 0.1836734693877551 0.28114754098360656 0.25510204081632654 0.27377049180327867 0.2915451895043732 0.25901639344262295 0.3250728862973761 0.260655737704918 0.3454810495626822 0.2983606557377049 0.38338192419825073 0.38278688524590165 0.42128279883381925 0.460655737704918 0.44752186588921283 0.4672131147540984 0.4329446064139942 0.4680327868852459 0.3877551020408163 0.44426229508196724 0.22886297376093295 0.4426229508196721 0.15743440233236153 0.44508196721311477 0.14868804664723032 0.4524590163934426 0.22448979591836735 0.460655737704918 0.25072886297376096 0.4680327868852459 0.3177842565597668 0.47704918032786886 0.36588921282798836 0.48032786885245904 0.44752186588921283 0.4885245901639344 0.46647230320699706 0.5139344262295082 0.478134110787172 0.5352459016393443 0.49854227405247814 0.580327868852459 0.5043731778425656 0.6352459016393442 0.5510204081632653 0.6581967213114754 0.5568513119533528 0.6737704918032786 0.5495626822157434 0.6967213114754098 0.5685131195335277 0.760655737704918 0.577259475218659 0.7770491803278688 0.5743440233236151 0.7926229508196722 0.5568513119533528 0.8065573770491803 0.532069970845481 0.8237704918032787 0.5160349854227405 0.8295081967213115 0.5029154518950437 0.8344262295081967 0.5014577259475219 0.8360655737704918 0.5160349854227405 0.8262295081967214 0.5539358600583091 0.8131147540983606 0.575801749271137 0.8163934426229508 0.5889212827988338 0.9155737704918033 0.597667638483965 0.9426229508196722 0.5889212827988338 0.9778688524590164 0.5889212827988338 0.990983606557377 0.5787172011661808 0.9991803278688525 0.5787172011661808 1 0.5789254475218659 1 0 0.8786326377049181 0 0.8860655737704918 0.030612244897959183 0.889344262295082 0.0641399416909621 0.9 0.09912536443148688 0.9254098360655738 0.27405247813411077 0.9295081967213115 0.3425655976676385 0.9254098360655738 0.35714285714285715 0.9188524590163935 0.358600583090379 0.909016393442623 0.35131195335276966 0.8918032786885246 0.2857142857142857 0.8836065573770492 0.2725947521865889 0.8721311475409836 0.2303206997084548 0.839344262295082 0.15451895043731778 0.828688524590164 0.11224489795918367 0.8065573770491803 0.09037900874635568 0.7613843352459015 0 0.07382730081967212 0
4 0 0 0 0.18221574344023322 0.003278688524590164 0.21720116618075802 0.009016393442622951 0.22448979591836735 0.022950819672131147 0.2055393586005831 0.030327868852459017 0.1618075801749271 0.03524590163934426 0.15014577259475217 0.040983606557377046 0.10349854227405247 0.07193930901639345 0 0 0
1 0.5967213114754099 0.5524781341107872 0.6467213114754098 0.5597667638483965 0.5885245901639344 0.5131195335276968 0.5795081967213115 0.5 0.5393442622950819 0.4970845481049563 0.5237704918032787 0.48833819241982507 0.5131147540983606 0.4752186588921283 0.48360655737704916 0.46355685131195334 0.4786885245901639 0.4737609329446064 0.4786885245901639 0.49854227405247814 0.48032786885245904 0.5160349854227405 0.48360655737704916 0.5204081632653061 0.5967213114754099 0.5524781341107872
1 1 0.5855199227405248 0.9991803278688525 0.5845481049562682 0.978688524590164 0.5918367346938775 0.9360655737704918 0.5889212827988338 0.9188524590163935 0.5962099125364432 0.8967213114754098 0.5962099125364432 0.8172131147540984 0.5845481049562682 0.8016393442622951 0.5889212827988338 0.7877049180327869 0.6034985422740525 0.8245901639344262 0.6180758017492711 1 0.6608929285714286 1 0.5855199227405248
1 0.46229508196721314 0.5102040816326531 0.46475409836065573 0.5058309037900874 0.4663934426229508 0.45481049562682213 0.46311475409836067 0.4489795918367347 0.2942622950819672 0.37900874635568516 0.2540983606557377 0.3760932944606414 0.24016393442622952 0.38629737609329445 0.230327868852459 0.42565597667638483 0.23114754098360657 0.4387755102040816 0.44672131147540983 0.5102040816326531 0.46229508196721314 0.5102040816326531
0 0.7568306008196721 0 0.7934426229508197 0.06705539358600583 0.8172131147540984 0.12536443148688048 0.8459016393442623 0.1793002915451895 0.851639344262295 0.2055393586005831 0.8729508196721312 0.2521865889212828 0.8795081967213115 0.27696793002915454 0.8868852459016393 0.2857142857142857 0.8926229508196721 0.31341107871720114 0.919672131147541 0.35131195335276966 0.9262295081967213 0.35276967930029157 0.9295081967213115 0.3075801749271137 0.9180327868852459 0.20408163265306123 0.9008196721311476 0.08017492711370262 0.8861826696721312 0 0.7568306008196721 0
0 1 0.662042696793003 0.7901639344262295 0.607871720116618 0.7647540983606558 0.6122448979591837 0.7622950819672131 0.6020408163265306 0.7540983606557377 0.5962099125364432 0.6426229508196721 0.5626822157434402 0.5827868852459016 0.5524781341107872 0.519672131147541 0.5510204081632653 0.48770491803278687 0.5539358600583091 0.4745901639344262 0.5612244897959183 0.45491803278688525 0.5539358600583091 0.2581967213114754 0.5816326530612245 0.2459016393442623 0.5889212827988338 0.24344262295081967 0.6049562682215743 0.23442622950819672 0.6224489795918368 0.22213114754098362 0.6297376093294461 0.21967213114754097 0.6166180758017493 0.2122950819672131 0.607871720116618 0.19508196721311474 0.5991253644314869 0.17950819672131146 0.5991253644314869 0.15163934426229508 0.6180758017492711 0.14508196721311475 0.6297376093294461 0.14344262295081966 0.6516034985422741 0.13934426229508196 0.6618075801749271 0.11967213114754098 0.6720116618075802 0.07868852459016394 0.6705539358600583 0.07131147540983607 0.6516034985422741 0.06393442622950819 0.6457725947521866 0.022131147540983605 0.6282798833819242 0 0.6247018294460641 0 1 1 1 1 0.662042696793003