3 0.45634266886326197 0.5586510263929618 0.4612850082372323 0.5777126099706745 0.5403624382207578 0.5733137829912024 0.4596375617792422 0.5469208211143695 0.45634266886326197 0.5586510263929618
3 1 0.6945957272727273 0.7883031301482701 0.6407624633431085 0.7586490939044481 0.6378299120234604 0.7537067545304778 0.6451612903225806 0.7561779242174629 0.6524926686217009 0.7759472817133443 0.6495601173020528 0.8673805601317958 0.6744868035190615 1 0.7290622140762464 1 0.6945957272727273
3 0.4382207578253707 0.5835777126099707 0.443163097199341 0.5777126099706745 0.44069192751235586 0.5527859237536656 0.43245469522240526 0.5381231671554252 0.20098846787479407 0.4706744868035191 0.20840197693574958 0.5513196480938416 0.21911037891268534 0.5718475073313783 0.21993410214168038 0.6026392961876833 0.22405271828665568 0.6085043988269795 0.4382207578253707 0.5835777126099707
2 0 0.6582181260997068 0.0008237232289950577 0.658357771260997 0.036243822075782535 0.6788856304985337 0.045304777594728174 0.6774193548387096 0.051894563426688634 0.6656891495601173 0.051894563426688634 0.658357771260997 0.05683690280065898 0.655425219941349 0.06836902800658978 0.6774193548387096 0.0815485996705107 0.6744868035190615 0.09967051070840198 0.6510263929618768 0.10955518945634267 0.6304985337243402 0.11696869851729819 0.6275659824046921 0.1186161449752883 0.6114369501466276 0.1243822075782537 0.6011730205278593 0.14497528830313014 0.5777126099706745 0.15403624382207579 0.5967741935483871 0.15733113673805602 0.6275659824046921 0.1787479406919275 0.6348973607038123 0.18780889621087316 0.6319648093841642 0.2026359143327842 0.6451612903225806 0.20675453047775946 0.6422287390029325 0.20840197693574958 0.6275659824046921 0.2042833607907743 0.5703812316715543 0.20757825370675453 0.533724340175953 0.19769357495881384 0.46774193548387094 0.19934102141680396 0.436950146627566 0.21087314662273476 0.3651026392961877 0.24464579901153213 0.3225806451612903 0.2528830313014827 0.2829912023460411 0.25370675453047775 0.24780058651026393 0.24546952224052718 0.18914956011730205 0.22899505766062603 0.1495601173020528 0.20922570016474465 0.12903225806451613 0.18204283360790774 0.12316715542521994 0.1672158154859967 0.1348973607038123 0.15321252059308071 0.16422287390029325 0.1457990115321252 0.17008797653958943 0.12108731466227347 0.2316715542521994 0.11696869851729819 0.2653958944281525 0.11367380560131796 0.27126099706744866 0.10543657331136738 0.2697947214076246 0.09472817133443164 0.2565982404692082 0.07248764415156507 0.24780058651026393 0.04365733113673806 0.25219941348973607 0.007413509060955519 0.24486803519061584 0 0.24780058651026393 0 0.6582181260997068
4 0.05201689868204284 0 0.014827018121911038 0.13929618768328444 0 0.21569686656891496 0 0.24525054252199416 0.051894563426688634 0.24926686217008798 0.06919275123558484 0.2434017595307918 0.11202635914332784 0.2434017595307918 0.16392092257001648 0.13929618768328444 0.18039538714991762 0.12463343108504399 0.20345963756177923 0.12756598240469208 0.23805601317957167 0.1466275659824047 0.23887973640856672 0.17302052785923755 0.2504118616144975 0.20967741935483872 0.25370675453047775 0.28152492668621704 0.24629324546952225 0.3181818181818182 0.23146622734761121 0.3519061583577713 0.23311367380560133 0.3724340175953079 0.27100494233937394 0.41055718475073316 0.35584843492586493 0.44868035190615835 0.4341021416803954 0.4750733137829912 0.44069192751235586 0.4604105571847507 0.4415156507413509 0.4149560117302053 0.41762767710049425 0.25513196480938416 0.4159802306425041 0.18328445747800587 0.4184514003294893 0.1744868035190616 0.4258649093904448 0.250733137829912 0.4341021416803954 0.27712609970674484 0.4415156507413509 0.34457478005865105 0.45057660626029655 0.39296187683284456 0.4538714991762768 0.4750733137829912 0.46210873146622733 0.4941348973607038 0.4876441515650741 0.5058651026392962 0.5090609555189456 0.5263929618768328 0.5543657331136738 0.532258064516129 0.6095551894563427 0.5791788856304986 0.6326194398682042 0.5850439882697948 0.6482701812191104 0.5777126099706745 0.671334431630972 0.5967741935483871 0.7355848434925865 0.6055718475073314 0.7520593080724877 0.6026392961876833 0.7677100494233937 0.5850439882697948 0.7817133443163097 0.5601173020527859 0.7990115321252059 0.5439882697947214 0.8047775947281713 0.530791788856305 0.8097199341021417 0.5293255131964809 0.8113673805601318 0.5439882697947214 0.8014827018121911 0.5821114369501467 0.7883031301482701 0.6041055718475073 0.7915980230642504 0.6173020527859238 0.8912685337726524 0.626099706744868 0.9184514003294892 0.6173020527859238 0.9538714991762768 0.6173020527859238 0.9670510708401977 0.6070381231671554 0.9752883031301482 0.6070381231671554 0.9810543657331137 0.6085043988269795 0.9925864909390445 0.6275659824046921 1 0.6264015865102639 1 0 0.8480979481054366 0 0.8616144975288303 0.05571847507331378 0.8649093904448105 0.08944281524926687 0.8756177924217463 0.12463343108504399 0.9011532125205931 0.30058651026392963 0.9052718286655683 0.36950146627565983 0.9011532125205931 0.3841642228739003 0.8945634266886326 0.38563049853372433 0.8846787479406919 0.3782991202346041 0.8673805601317958 0.312316715542522 0.8591433278418451 0.2991202346041056 0.8476112026359144 0.2565982404692082 0.814662273476112 0.18035190615835778 0.8039538714991763 0.1378299120234604 0.7817133443163097 0.1158357771260997 0.7355848434925865 0.02346041055718475 0.7240527182866557 0.007331378299120235 0.7218062001647447 0 0.05201689868204284 0
4 0 0 0 0.19745845601173018 0.0016474464579901153 0.187683284457478 0.006589785831960461 0.17595307917888564 0.012355848434925865 0.12903225806451613 0.05091310626029654 0 0 0
1 0.570840197693575 0.5806451612903226 0.6210873146622735 0.5879765395894428 0.5626029654036244 0.5410557184750733 0.5535420098846787 0.5278592375366569 0.5131795716639209 0.5249266862170088 0.4975288303130148 0.5161290322580645 0.4868204283360791 0.5029325513196481 0.457166392092257 0.4912023460410557 0.45222405271828664 0.501466275659824 0.45222405271828664 0.5263929618768328 0.4538714991762768 0.5439882697947214 0.457166392092257 0.5483870967741935 0.570840197693575 0.5806451612903226
1 1 0.6237536656891495 0.985172981878089 0.624633431085044 0.9752883031301482 0.6129032258064516 0.9546952224052718 0.6202346041055719 0.9118616144975288 0.6173020527859238 0.8945634266886326 0.624633431085044 0.872322899505766 0.624633431085044 0.7924217462932455 0.6129032258064516 0.7767710049423394 0.6173020527859238 0.7627677100494233 0.6319648093841642 0.799835255354201 0.6466275659824047 1 0.6955321715542522 1 0.6237536656891495
1 0.4357495881383855 0.5381231671554252 0.4382207578253707 0.533724340175953 0.43986820428336076 0.48240469208211145 0.43657331136738053 0.47653958944281527 0.26688632619439867 0.40615835777126097 0.22652388797364087 0.4032258064516129 0.21252059308072488 0.41348973607038125 0.2026359143327842 0.4530791788856305 0.20345963756177923 0.4662756598240469 0.4200988467874794 0.5381231671554252 0.4357495881383855 0.5381231671554252
0 0.7181433995057661 0 0.7685337726523888 0.09237536656891496 0.7924217462932455 0.15102639296187684 0.8212520593080724 0.20527859237536658 0.8270181219110379 0.2316715542521994 0.8484349258649094 0.2785923753665689 0.8550247116968699 0.3035190615835777 0.8624382207578254 0.312316715542522 0.8682042833607908 0.34017595307917886 0.8953871499176277 0.3782991202346041 0.9019769357495881 0.37976539589442815 0.9052718286655683 0.3343108504398827 0.8937397034596376 0.23020527859237536 0.8764415156507414 0.10557184750733138 0.8571856482701812 0 0.7181433995057661 0
0 1 0.697024879765396 0.7652388797364086 0.6363636363636364 0.7397034596375618 0.6407624633431085 0.7372322899505767 0.6304985337243402 0.728995057660626 0.624633431085044 0.6169686985172982 0.5909090909090909 0.556836902800659 0.5806451612903226 0.49341021416803954 0.5791788856304986 0.4612850082372323 0.5821114369501467 0.44810543657331137 0.5894428152492669 0.42833607907743 0.5821114369501467 0.23064250411861614 0.6099706744868035 0.21828665568369027 0.6173020527859238 0.2158154859967051 0.6334310850439883 0.20675453047775946 0.6510263929618768 0.19439868204283361 0.658357771260997 0.19192751235584843 0.6451612903225806 0.18451400329489293 0.6363636363636364 0.1672158154859967 0.6275659824046921 0.1515650741350906 0.6275659824046921 0.12355848434925865 0.6466275659824047 0.11696869851729819 0.658357771260997 0.11532125205930807 0.6803519061583577 0.11120263591433278 0.6906158357771262 0.0914332784184514 0.7008797653958945 0.05024711696869852 0.6994134897360704 0.042833607907743 0.6803519061583577 0.03542009884678748 0.6744868035190615 0 0.6596515439882699 0 1 1 1 1 0.697024879765396