3 1 0.9086444007858546 0.9878453038674033 0.9086444007858546 0.9320441988950277 0.918467583497053 0.7994475138121547 0.9194499017681729 0.7906077348066298 0.925343811394892 0.7828729281767955 0.9390962671905697 0.7828729281767955 0.9449901768172888 0.8845303867403315 1 1 1 1 0.9086444007858546
3 0.2302920281767956 1 0.24696132596685083 0.9891944990176817 0.312707182320442 0.9557956777996071 0.39558011049723757 0.9233791748526523 0.47513812154696133 0.912573673870334 0.4850828729281768 0.9047151277013753 0.48342541436464087 0.8732809430255403 0.47624309392265196 0.8585461689587426 0.46740331491712706 0.8536345776031434 0.43646408839779005 0.8487229862475442 0.41104972375690607 0.8290766208251473 0.30994475138121547 0.7858546168958742 0.1861878453038674 0.7180746561886051 0.044751381215469614 0.6208251473477406 0 0.5814644901768172 0 1 0.2302920281767956 1
0 0.37274401491712705 0 0.36906077348066296 0.043222003929273084 0.3701657458563536 0.18664047151277013 0.3674033149171271 0.31237721021611004 0.36906077348066296 0.3791748526522593 0.38232044198895027 0.593320235756385 0.39723756906077345 0.7023575638506876 0.3994475138121547 0.7475442043222004 0.40607734806629836 0.7819253438113949 0.4066298342541437 0.7986247544204322 0.41104972375690607 0.8133595284872298 0.4248618784530387 0.8418467583497053 0.43701657458563536 0.8506876227897839 0.4408839779005525 0.8487229862475442 0.44751381215469616 0.8349705304518664 0.45469613259668507 0.7976424361493124 0.4535911602209945 0.7662082514734774 0.4574585635359116 0.7337917485265226 0.4569060773480663 0.6886051080550099 0.4591160220994475 0.6463654223968566 0.45193370165745855 0.6090373280943026 0.450828729281768 0.5903732809430255 0.4535911602209945 0.5805500982318271 0.46464088397790054 0.5825147347740668 0.4734806629834254 0.6100196463654224 0.4707182320441989 0.6552062868369352 0.47569060773480665 0.7023575638506876 0.48011049723756904 0.7220039292730844 0.47624309392265196 0.7888015717092338 0.48011049723756904 0.8143418467583498 0.48121546961325967 0.8418467583497053 0.4856353591160221 0.8634577603143418 0.487292817679558 0.9027504911591355 0.4856353591160221 0.9076620825147348 0.47845303867403316 0.912573673870334 0.45138121546961324 0.912573673870334 0.430939226519337 0.9204322200392927 0.3911602209944751 0.9273084479371316 0.29116022099447514 0.9675834970530451 0.23977900552486187 0.9950884086444007 0.23302639668508288 1 0.8916650790055248 1 0.8281767955801105 0.9695481335952849 0.7375690607734806 0.931237721021611 0.6950276243093922 0.918467583497053 0.6403314917127072 0.918467583497053 0.5480662983425414 0.9302554027504911 0.5414364640883977 0.9282907662082515 0.5359116022099447 0.9204322200392927 0.5353591160220994 0.8850687622789783 0.5276243093922652 0.8379174852652259 0.5430939226519337 0.825147347740668 0.5502762430939226 0.81237721021611 0.5475138121546961 0.7514734774066798 0.5453038674033149 0.7298624754420432 0.5370165745856353 0.7043222003929273 0.53646408839779 0.656188605108055 0.5314917127071823 0.6060903732809431 0.5287292817679557 0.5943025540275049 0.5165745856353591 0.5697445972495089 0.5138121546961326 0.5550098231827112 0.5143646408839779 0.49410609037328096 0.5027624309392266 0.412573673870334 0.4983425414364641 0.3290766208251473 0.4878453038674033 0.23673870333988212 0.4823204419889503 0.13948919449901767 0.474585635359116 0.0893909626719057 0.46605662983425417 0 0.37274401491712705 0
2 0.7259668508287292 0.8339882121807466 0.7198895027624309 0.8261296660117878 0.7071823204419889 0.831041257367387 0.6961325966850829 0.8241650294695482 0.6762430939226519 0.8300589390962672 0.6519337016574586 0.8447937131630648 0.6099447513812155 0.8457760314341847 0.5917127071823205 0.8595284872298625 0.574585635359116 0.8791748526522594 0.5287292817679557 0.9155206286836935 0.45248618784530387 0.9115913555992141 0.4867403314917127 0.9508840864440079 0.5259668508287293 0.9390962671905697 0.5287292817679557 0.9390962671905697 0.5519337016574586 0.9214145383104125 0.5734806629834254 0.9165029469548134 0.5972375690607735 0.9194499017681729 0.6066298342541436 0.912573673870334 0.6193370165745856 0.912573673870334 0.6265193370165746 0.9165029469548134 0.687292817679558 0.9223968565815324 0.7701657458563536 0.9508840864440079 0.7790055248618785 0.949901768172888 0.7845303867403315 0.9410609037328095 0.7867403314917127 0.9302554027504911 0.7878453038674034 0.9017681728880157 0.7961325966850828 0.8939096267190569 0.8011049723756906 0.8821218074656189 0.8022099447513812 0.8654223968565815 0.8099447513812155 0.8290766208251473 0.8116022099447514 0.806483300589391 0.8066298342541437 0.793713163064833 0.8011049723756906 0.7927308447937131 0.7955801104972375 0.8055009823182712 0.7889502762430939 0.8084479371316307 0.7850828729281768 0.787819253438114 0.7850828729281768 0.7426326129666012 0.7618784530386741 0.7445972495088409 0.7541436464088398 0.7740667976424361 0.7552486187845304 0.7721021611001965 0.7519337016574585 0.7799607072691552 0.7546961325966851 0.8202357563850687 0.7508287292817679 0.8271119842829077 0.7259668508287292 0.8339882121807466
4 0 0 0 0.5653644243614931 0.0005524861878453039 0.5658153241650294 0.07624309392265194 0.6080550098231827 0.12762430939226518 0.6522593320235757 0.18342541436464088 0.6866404715127702 0.19613259668508287 0.6994106090373281 0.225414364640884 0.706286836935167 0.2751381215469613 0.7337917485265226 0.29226519337016577 0.7347740667976425 0.3414364640883978 0.7593320235756386 0.36629834254143645 0.7573673870333988 0.38453038674033146 0.7671905697445972 0.3988950276243094 0.768172888015717 0.4016574585635359 0.756385068762279 0.4016574585635359 0.731827111984283 0.3834254143646409 0.5952848722986247 0.37403314917127073 0.43909626719056977 0.3696132596685083 0.3231827111984283 0.3685082872928177 0.06483300589390963 0.3712294878453039 0 0 0
4 0.4605279314917127 0 0.46740331491712706 0.03929273084479371 0.48066298342541436 0.16699410609037327 0.4850828729281768 0.23968565815324164 0.49116022099447515 0.28781925343811393 0.4977900552486188 0.4223968565815324 0.5099447513812154 0.5 0.5116022099447514 0.5569744597249509 0.5143646408839779 0.5697445972495089 0.525414364640884 0.593320235756385 0.5281767955801105 0.6070726915520629 0.53646408839779 0.7003929273084479 0.5441988950276243 0.731827111984283 0.549171270718232 0.7986247544204322 0.554696132596685 0.8133595284872298 0.5613259668508287 0.8172888015717092 0.5734806629834254 0.8172888015717092 0.5867403314917127 0.8094302554027505 0.6093922651933702 0.8241650294695482 0.6292817679558012 0.8202357563850687 0.6541436464088398 0.8241650294695482 0.6685082872928176 0.8163064833005894 0.7486187845303868 0.8271119842829077 0.7535911602209945 0.8231827111984283 0.7569060773480663 0.8143418467583498 0.7563535911602209 0.7819253438113949 0.7613259668508288 0.7583497053045186 0.7696132596685082 0.7475442043222004 0.7767955801104972 0.7465618860510805 0.7850828729281768 0.7554027504911591 0.7867403314917127 0.7779960707269156 0.7922651933701658 0.7927308447937131 0.7977900552486188 0.7976424361493124 0.8099447513812155 0.7976424361493124 0.8138121546961326 0.8015717092337917 0.8149171270718232 0.8261296660117878 0.8215469613259668 0.8477406679764243 0.8270718232044199 0.8555992141453831 0.8795580110497238 0.8506876227897839 0.9066298342541437 0.8398821218074656 1 0.8282999037328094 1 0 0.4605279314917127 0
4 0.46298342541436466 0.7838899803536346 0.46740331491712706 0.787819253438114 0.474585635359116 0.7730844793713163 0.474585635359116 0.7583497053045186 0.46685082872928174 0.6964636542239686 0.46408839779005523 0.6925343811394892 0.4552486187845304 0.7328094302554028 0.45138121546961324 0.7642436149312377 0.4535911602209945 0.7779960707269156 0.4574585635359116 0.7848722986247544 0.46298342541436466 0.7838899803536346
1 0.46464088397790054 0.8506876227897839 0.48287292817679556 0.849705304518664 0.4861878453038674 0.8379174852652259 0.48287292817679556 0.8143418467583498 0.46795580110497237 0.7927308447937131 0.4607734806629834 0.7907662082514735 0.45027624309392267 0.7927308447937131 0.43867403314917125 0.8094302554027505 0.4353591160220994 0.8359528487229863 0.4430939226519337 0.8428290766208252 0.46464088397790054 0.8506876227897839
1 0 0.5851007170923379 0.03259668508287293 0.611984282907662 0.13701657458563535 0.6866404715127702 0.20662983425414364 0.730844793713163 0.274585635359116 0.768172888015717 0.39447513812154694 0.8222003929273084 0.40773480662983425 0.825147347740668 0.4165745856353591 0.8222003929273084 0.4149171270718232 0.8094302554027505 0.40497237569060773 0.7848722986247544 0.4005524861878453 0.7770137524557956 0.3850828729281768 0.7642436149312377 0.3596685082872928 0.7534381139489195 0.3414364640883978 0.7573673870333988 0.28895027624309394 0.7347740667976425 0.2740331491712707 0.7328094302554028 0.2265193370165746 0.7082514734774067 0.19889502762430938 0.6984282907662083 0.18011049723756906 0.6827111984282908 0.1292817679558011 0.6512770137524558 0.09944751381215469 0.6218074656188605 0.07900552486187845 0.6070726915520629 0.0027624309392265192 0.5648330058939096 0 0.5622979911591356 0 0.5851007170923379
1 1 0.838631898821218 0.9773480662983426 0.8349705304518664 0.9629834254143647 0.8359528487229863 0.9546961325966851 0.8408644400785854 0.9370165745856354 0.8408644400785854 0.9320441988950277 0.843811394891945 0.9298342541436464 0.8516699410609038 0.9237569060773481 0.8546168958742633 0.8939226519337017 0.8565815324165029 0.8883977900552487 0.862475442043222 0.8867403314917127 0.8752455795677799 0.8784530386740331 0.8742632612966601 0.874585635359116 0.8683693516699411 0.8674033149171271 0.8742632612966601 0.8513812154696132 0.8683693516699411 0.8331491712707182 0.869351669941061 0.8298342541436464 0.8732809430255403 0.8248618784530387 0.8899803536345776 0.8248618784530387 0.8988212180746562 0.8281767955801105 0.9096267190569745 0.8337016574585635 0.912573673870334 0.8718232044198895 0.9037328094302554 0.8845303867403315 0.9076620825147348 0.8906077348066298 0.9155206286836935 0.9 0.912573673870334 0.9038674033149171 0.9165029469548134 0.9204419889502763 0.918467583497053 0.9756906077348066 0.9096267190569745 1 0.9096267190569745 1 0.838631898821218
1 0.5337016574585636 0.8821218074656189 0.5475138121546961 0.8850687622789783 0.5712707182320442 0.8781925343811395 0.587292817679558 0.8644400785854617 0.6066298342541436 0.8388998035363457 0.598342541436464 0.8192534381139489 0.5906077348066299 0.8113948919449901 0.5823204419889503 0.8104125736738703 0.5729281767955801 0.8153241650294696 0.5441988950276243 0.8035363457760314 0.532596685082873 0.8202357563850687 0.5220994475138122 0.8280943025540275 0.519889502762431 0.8339882121807466 0.5287292817679557 0.8732809430255403 0.5337016574585636 0.8821218074656189