3 1 0.8952722306238186 0.9473404255319149 0.9045368620037807 0.8196808510638298 0.9054820415879017 0.8111702127659575 0.9111531190926276 0.8037234042553192 0.9243856332703214 0.8037234042553192 0.9300567107750473 0.9138297872340425 0.9896030245746692 0.9385060127659575 1 1 1 1 0.8952722306238186
3 0.24545592712765957 1 0.2877659574468085 0.9725897920604915 0.35106382978723405 0.9404536862003781 0.4308510638297872 0.9092627599243857 0.5074468085106383 0.8988657844990549 0.5170212765957447 0.8913043478260869 0.5154255319148936 0.8610586011342155 0.5085106382978724 0.8468809073724007 0.5 0.8421550094517959 0.4702127659574468 0.8374291115311909 0.44574468085106383 0.8185255198487713 0.3484042553191489 0.776937618147448 0.22925531914893618 0.7117202268431002 0.09308510638297872 0.6181474480151229 0 0.5363240557655954 0 1 0.24545592712765957 1
0 0.9439563462765957 1 0.8473404255319149 0.9536862003780718 0.7601063829787233 0.9168241965973535 0.7191489361702128 0.9045368620037807 0.6664893617021277 0.9045368620037807 0.5776595744680851 0.9158790170132325 0.5712765957446808 0.9139886578449905 0.5659574468085107 0.9064272211720227 0.5654255319148936 0.8724007561436673 0.5579787234042554 0.8270321361058601 0.5728723404255319 0.8147448015122873 0.5797872340425532 0.8024574669187146 0.5771276595744681 0.7438563327032136 0.575 0.723062381852552 0.5670212765957446 0.6984877126654064 0.5664893617021277 0.6521739130434783 0.5617021276595745 0.6039697542533081 0.5590425531914893 0.5926275992438563 0.5473404255319149 0.5689981096408318 0.5446808510638298 0.554820415879017 0.5452127659574468 0.4962192816635161 0.5340425531914894 0.41776937618147447 0.5297872340425532 0.33742911153119093 0.5196808510638298 0.2485822306238185 0.5143617021276595 0.15500945179584122 0.5069148936170212 0.10680529300567108 0.4968085106382979 0.000945179584120983 0.4106382978723404 0 0.4053191489361702 0.062381852551984876 0.40638297872340423 0.2003780718336484 0.40372340425531916 0.32136105860113423 0.4053191489361702 0.3856332703213611 0.41808510638297874 0.5916824196597353 0.4324468085106383 0.6965973534971645 0.43457446808510636 0.7400756143667296 0.4409574468085106 0.7731568998109641 0.44148936170212766 0.7892249527410208 0.44574468085106383 0.8034026465028355 0.45904255319148934 0.8308128544423441 0.47074468085106386 0.8393194706994329 0.474468085106383 0.8374291115311909 0.4808510638297872 0.8241965973534972 0.4877659574468085 0.7882797731568998 0.4867021276595745 0.7580340264650284 0.49042553191489363 0.7268431001890359 0.4898936170212766 0.6833648393194707 0.4920212765957447 0.6427221172022685 0.4851063829787234 0.6068052930056711 0.48404255319148937 0.5888468809073724 0.4867021276595745 0.5793950850661626 0.4973404255319149 0.5812854442344045 0.5058510638297873 0.6077504725897921 0.5031914893617021 0.6512287334593573 0.5079787234042553 0.6965973534971645 0.5122340425531915 0.7155009451795841 0.5085106382978724 0.779773156899811 0.5122340425531915 0.8043478260869565 0.5132978723404256 0.8308128544423441 0.5175531914893617 0.8516068052930057 0.5191489361702127 0.889413988657845 0.5175531914893617 0.8941398865784499 0.5106382978723404 0.8988657844990549 0.4845744680851064 0.8988657844990549 0.4648936170212766 0.9064272211720227 0.42659574468085104 0.9130434782608695 0.3303191489361702 0.9517958412098299 0.28085106382978725 0.9782608695652174 0.2509456265957447 1 0.9439563462765957 1
2 0.7489361702127659 0.8232514177693762 0.7430851063829788 0.8156899810964083 0.7308510638297873 0.8204158790170132 0.7202127659574468 0.8137996219281664 0.701063829787234 0.8194706994328923 0.6776595744680851 0.833648393194707 0.6372340425531915 0.834593572778828 0.6196808510638298 0.8478260869565217 0.6031914893617021 0.8667296786389413 0.5590425531914893 0.9017013232514177 0.4856382978723404 0.8979206049149339 0.5186170212765957 0.9357277882797732 0.5563829787234043 0.9243856332703214 0.5590425531914893 0.9243856332703214 0.5813829787234043 0.9073724007561437 0.6021276595744681 0.9026465028355387 0.625 0.9054820415879017 0.6340425531914894 0.8988657844990549 0.6462765957446809 0.8988657844990549 0.6531914893617021 0.9026465028355387 0.7117021276595744 0.9083175803402647 0.7914893617021277 0.9357277882797732 0.8 0.9347826086956522 0.8053191489361702 0.9262759924385633 0.8074468085106383 0.9158790170132325 0.8085106382978723 0.888468809073724 0.8164893617021277 0.8809073724007561 0.8212765957446808 0.8695652173913043 0.8223404255319149 0.8534971644612477 0.8297872340425532 0.8185255198487713 0.8313829787234043 0.7967863894139886 0.8265957446808511 0.7844990548204159 0.8212765957446808 0.7835538752362949 0.8159574468085107 0.7958412098298677 0.8095744680851064 0.7986767485822306 0.8058510638297872 0.77882797731569 0.8058510638297872 0.7353497164461248 0.7835106382978724 0.7372400756143668 0.7760638297872341 0.7655954631379962 0.777127659574468 0.7637051039697542 0.773936170212766 0.7712665406427222 0.776595744680851 0.8100189035916824 0.7728723404255319 0.8166351606805293 0.7489361702127659 0.8232514177693762
4 0 0 0 0.5110934234404537 0.005319148936170213 0.5160680529300568 0.018085106382978722 0.5387523629489603 0.05053191489361702 0.5652173913043478 0.12340425531914893 0.6058601134215501 0.17287234042553193 0.6483931947069943 0.22659574468085106 0.6814744801512287 0.23882978723404255 0.6937618147448015 0.2670212765957447 0.7003780718336484 0.3148936170212766 0.7268431001890359 0.3313829787234043 0.7277882797731569 0.37872340425531914 0.7514177693761814 0.4026595744680851 0.7495274102079396 0.42021276595744683 0.7589792060491494 0.4340425531914894 0.7599243856332704 0.43670212765957445 0.7485822306238186 0.43670212765957445 0.724952741020794 0.41914893617021276 0.5935727788279773 0.4101063829787234 0.44328922495274103 0.40585106382978725 0.33175803402646503 0.4047872340425532 0.0831758034026465 0.4074468085106383 0.01984877126654064 0.4101063829787234 0 0 0
4 0.4930851063829787 0 0.4925531914893617 0.01606805293005671 0.5 0.05860113421550094 0.5127659574468085 0.18147448015122875 0.5170212765957447 0.2514177693761815 0.5228723404255319 0.29773156899810965 0.5292553191489362 0.42722117202268434 0.5409574468085107 0.501890359168242 0.5425531914893617 0.556710775047259 0.5452127659574468 0.5689981096408318 0.5558510638297872 0.5916824196597353 0.5585106382978723 0.6049149338374291 0.5664893617021277 0.6947069943289225 0.573936170212766 0.724952741020794 0.5787234042553191 0.7892249527410208 0.5840425531914893 0.8034026465028355 0.5904255319148937 0.8071833648393195 0.6021276595744681 0.8071833648393195 0.6148936170212767 0.7996219281663516 0.6367021276595745 0.8137996219281664 0.6558510638297872 0.8100189035916824 0.6797872340425531 0.8137996219281664 0.6936170212765957 0.8062381852551985 0.7707446808510638 0.8166351606805293 0.7755319148936171 0.8128544423440454 0.7787234042553192 0.8043478260869565 0.7781914893617021 0.7731568998109641 0.7829787234042553 0.7504725897920604 0.7909574468085107 0.7400756143667296 0.7978723404255319 0.7391304347826086 0.8058510638297872 0.7476370510396976 0.8074468085106383 0.7693761814744802 0.8127659574468085 0.7835538752362949 0.8180851063829787 0.7882797731568998 0.8297872340425532 0.7882797731568998 0.8335106382978723 0.7920604914933838 0.8345744680851064 0.8156899810964083 0.8409574468085106 0.8364839319470699 0.8462765957446808 0.8440453686200378 0.8968085106382979 0.8393194706994329 0.9228723404255319 0.8289224952741021 1 0.8193607948960303 1 0 0.4930851063829787 0
4 0.4957446808510638 0.775047258979206 0.5 0.77882797731569 0.5069148936170212 0.7646502835538752 0.5069148936170212 0.7504725897920604 0.49946808510638296 0.6909262759924386 0.4968085106382979 0.6871455576559546 0.48829787234042554 0.725897920604915 0.4845744680851064 0.7561436672967864 0.4867021276595745 0.7693761814744802 0.49042553191489363 0.775992438563327 0.4957446808510638 0.775047258979206
1 0.4973404255319149 0.8393194706994329 0.5148936170212766 0.8383742911153119 0.5180851063829788 0.8270321361058601 0.5148936170212766 0.8043478260869565 0.500531914893617 0.7835538752362949 0.49361702127659574 0.781663516068053 0.48351063829787233 0.7835538752362949 0.4723404255319149 0.7996219281663516 0.46914893617021275 0.8251417769376181 0.4765957446808511 0.831758034026465 0.4973404255319149 0.8393194706994329
1 0 0.542561550094518 0.08138297872340426 0.6096408317580341 0.1819148936170213 0.6814744801512287 0.24893617021276596 0.724007561436673 0.31436170212765957 0.7599243856332704 0.4297872340425532 0.8119092627599244 0.4425531914893617 0.8147448015122873 0.451063829787234 0.8119092627599244 0.449468085106383 0.7996219281663516 0.4398936170212766 0.775992438563327 0.43563829787234043 0.7684310018903592 0.4207446808510638 0.7561436672967864 0.3962765957446808 0.7457466918714556 0.37872340425531914 0.7495274102079396 0.3281914893617021 0.7277882797731569 0.31382978723404253 0.725897920604915 0.2680851063829787 0.7022684310018904 0.24148936170212765 0.6928166351606805 0.22340425531914893 0.6776937618147448 0.17446808510638298 0.6474480151228733 0.14574468085106382 0.6190926275992439 0.12606382978723404 0.6049149338374291 0.052659574468085106 0.5642722117202268 0.019680851063829788 0.5340264650283554 0.007446808510638298 0.5141776937618148 0 0.5102569489603025 0 0.542561550094518
1 1 0.8256573298676748 0.9909574468085106 0.8241965973534972 0.9771276595744681 0.8251417769376181 0.9691489361702128 0.8298676748582231 0.9521276595744681 0.8298676748582231 0.9473404255319149 0.832703213610586 0.9452127659574469 0.8402646502835539 0.9393617021276596 0.8431001890359168 0.9106382978723404 0.8449905482041588 0.9053191489361702 0.8506616257088847 0.9037234042553192 0.8629489603024575 0.8957446808510638 0.8620037807183365 0.8920212765957447 0.8563327032136105 0.8851063829787233 0.8620037807183365 0.8696808510638298 0.8563327032136105 0.8521276595744681 0.8572778827977315 0.8489361702127659 0.8610586011342155 0.8441489361702128 0.8771266540642723 0.8441489361702128 0.8856332703213611 0.8473404255319149 0.8960302457466919 0.8526595744680852 0.8988657844990549 0.8893617021276595 0.8903591682419659 0.901595744680851 0.8941398865784499 0.9074468085106383 0.9017013232514177 0.9164893617021277 0.8988657844990549 0.9202127659574468 0.9026465028355387 0.9361702127659575 0.9045368620037807 0.9893617021276596 0.8960302457466919 1 0.8960302457466919 1 0.8256573298676748
1 0.5638297872340425 0.8695652173913043 0.5771276595744681 0.8724007561436673 0.6 0.8657844990548205 0.6154255319148936 0.8525519848771267 0.6340425531914894 0.8279773156899811 0.6260638297872341 0.8090737240075614 0.6186170212765958 0.8015122873345936 0.6106382978723405 0.8005671077504726 0.6015957446808511 0.8052930056710775 0.573936170212766 0.7939508506616257 0.5627659574468085 0.8100189035916824 0.5526595744680851 0.8175803402646503 0.550531914893617 0.8232514177693762 0.5590425531914893 0.8610586011342155 0.5638297872340425 0.8695652173913043