3 1 0.8857920789999999 0.947752808988764 0.895 0.8129213483146067 0.896 0.803932584269663 0.902 0.7960674157303371 0.916 0.7960674157303371 0.922 0.9123595505617977 0.985 0.9478993651685393 1 1 1 1 0.8857920789999999
3 0.20027287303370786 1 0.25112359550561797 0.967 0.31797752808988766 0.933 0.40224719101123596 0.9 0.48314606741573035 0.889 0.49325842696629213 0.881 0.49157303370786515 0.849 0.4842696629213483 0.834 0.4752808988764045 0.829 0.4438202247191011 0.824 0.41797752808988764 0.804 0.3151685393258427 0.76 0.18932584269662922 0.691 0.04550561797752809 0.592 0 0.551930851 0 1 0.20027287303370786 1
0 0.37562138258426964 0 0.3752808988764045 0.004 0.37640449438202245 0.15 0.37359550561797755 0.278 0.3752808988764045 0.346 0.3887640449438202 0.564 0.40393258426966294 0.675 0.4061797752808989 0.721 0.41292134831460675 0.756 0.4134831460674157 0.773 0.41797752808988764 0.788 0.43202247191011234 0.817 0.4443820224719101 0.826 0.44831460674157303 0.824 0.4550561797752809 0.81 0.4623595505617977 0.772 0.46123595505617976 0.74 0.4651685393258427 0.707 0.4646067415730337 0.661 0.46685393258426966 0.618 0.45955056179775283 0.58 0.4584269662921348 0.561 0.46123595505617976 0.551 0.47247191011235956 0.553 0.48146067415730337 0.581 0.4786516853932584 0.627 0.4837078651685393 0.675 0.48820224719101124 0.695 0.4842696629213483 0.763 0.48820224719101124 0.789 0.4893258426966292 0.817 0.49382022471910114 0.839 0.49550561797752807 0.879 0.49382022471910114 0.884 0.48651685393258426 0.889 0.4589887640449438 0.889 0.43820224719101125 0.897 0.39775280898876403 0.904 0.29606741573033707 0.945 0.24382022471910111 0.973 0.20674157303370785 1 0.9525087174157304 1 0.8421348314606741 0.947 0.75 0.908 0.7067415730337079 0.895 0.6511235955056179 0.895 0.5573033707865168 0.907 0.550561797752809 0.905 0.5449438202247191 0.897 0.5443820224719101 0.861 0.5365168539325843 0.813 0.552247191011236 0.8 0.5595505617977528 0.787 0.5567415730337079 0.725 0.5544943820224719 0.703 0.5460674157303371 0.677 0.5455056179775281 0.628 0.5404494382022472 0.577 0.5376404494382022 0.565 0.5252808988764045 0.54 0.5224719101123596 0.525 0.5230337078651686 0.463 0.5112359550561798 0.38 0.5067415730337078 0.295 0.4960674157303371 0.201 0.4904494382022472 0.102 0.48258426966292134 0.051 0.47772371573033706 0 0.37562138258426964 0
2 0.7382022471910112 0.809 0.7320224719101124 0.801 0.7191011235955056 0.806 0.7078651685393258 0.799 0.6876404494382022 0.805 0.6629213483146067 0.82 0.6202247191011236 0.821 0.601685393258427 0.835 0.5842696629213483 0.855 0.5376404494382022 0.892 0.4601123595505618 0.888 0.4949438202247191 0.928 0.5348314606741573 0.916 0.5376404494382022 0.916 0.5612359550561797 0.898 0.5831460674157304 0.893 0.6073033707865169 0.896 0.6168539325842697 0.889 0.6297752808988764 0.889 0.6370786516853932 0.893 0.698876404494382 0.899 0.7831460674157303 0.928 0.7921348314606742 0.927 0.797752808988764 0.918 0.8 0.907 0.801123595505618 0.878 0.8095505617977528 0.87 0.8146067415730337 0.858 0.8157303370786517 0.841 0.8235955056179776 0.804 0.8252808988764045 0.781 0.8202247191011236 0.768 0.8146067415730337 0.767 0.8089887640449438 0.78 0.802247191011236 0.783 0.7983146067415731 0.762 0.7983146067415731 0.716 0.7747191011235955 0.718 0.7668539325842697 0.748 0.7679775280898876 0.746 0.7646067415730337 0.754 0.7674157303370787 0.795 0.7634831460674157 0.802 0.7382022471910112 0.809
4 0 0 0 0.5355409839999999 0.0005617977528089888 0.536 0.07752808988764046 0.579 0.1297752808988764 0.624 0.18651685393258427 0.659 0.199438202247191 0.672 0.2292134831460674 0.679 0.2797752808988764 0.707 0.29719101123595504 0.708 0.3471910112359551 0.733 0.3724719101123595 0.731 0.39101123595505616 0.741 0.40561797752808987 0.742 0.4084269662921348 0.73 0.4084269662921348 0.705 0.3898876404494382 0.566 0.38033707865168537 0.407 0.3758426966292135 0.289 0.3747191011235955 0.026 0.375809156741573 0 0 0
4 0.4752808988764045 0 0.4887640449438202 0.13 0.49325842696629213 0.204 0.499438202247191 0.253 0.5061797752808989 0.39 0.5185393258426966 0.469 0.5202247191011236 0.527 0.5230337078651686 0.54 0.5342696629213484 0.564 0.5370786516853933 0.578 0.5455056179775281 0.673 0.5533707865168539 0.705 0.5584269662921348 0.773 0.5640449438202247 0.788 0.5707865168539326 0.792 0.5831460674157304 0.792 0.596629213483146 0.784 0.6196629213483146 0.799 0.6398876404494382 0.795 0.6651685393258427 0.799 0.6797752808988764 0.791 0.7612359550561798 0.802 0.7662921348314606 0.798 0.7696629213483146 0.789 0.7691011235955056 0.756 0.7741573033707865 0.732 0.7825842696629214 0.721 0.7898876404494382 0.72 0.7983146067415731 0.729 0.8 0.752 0.8056179775280898 0.767 0.8112359550561797 0.772 0.8235955056179776 0.772 0.8275280898876405 0.776 0.8286516853932584 0.801 0.8353932584269663 0.823 0.8410112359550562 0.831 0.8943820224719101 0.826 0.9219101123595506 0.815 1 0.805302326 1 0 0.4752808988764045 0
4 0.4707865168539326 0.758 0.4752808988764045 0.762 0.48258426966292134 0.747 0.48258426966292134 0.732 0.4747191011235955 0.669 0.47191011235955055 0.665 0.46292134831460674 0.706 0.4589887640449438 0.738 0.46123595505617976 0.752 0.4651685393258427 0.759 0.4707865168539326 0.758
1 0.47247191011235956 0.826 0.4910112359550562 0.825 0.4943820224719101 0.813 0.4910112359550562 0.789 0.47584269662921347 0.767 0.46853932584269664 0.765 0.45786516853932585 0.767 0.4460674157303371 0.784 0.44269662921348313 0.811 0.45056179775280897 0.818 0.47247191011235956 0.826
1 0 0.55563253 0.03314606741573034 0.583 0.1393258426966292 0.659 0.2101123595505618 0.704 0.2792134831460674 0.742 0.401123595505618 0.797 0.41460674157303373 0.8 0.42359550561797754 0.797 0.42191011235955056 0.784 0.4117977528089888 0.759 0.40730337078651685 0.751 0.39157303370786517 0.738 0.3657303370786517 0.727 0.3471910112359551 0.731 0.29382022471910113 0.708 0.2786516853932584 0.706 0.2303370786516854 0.681 0.20224719101123595 0.671 0.18314606741573033 0.655 0.13146067415730336 0.623 0.10112359550561797 0.593 0.08033707865168539 0.578 0.0028089887640449437 0.535 0 0.532419355 0 0.55563253
1 1 0.811 0.9938202247191011 0.81 0.9792134831460674 0.811 0.9707865168539326 0.816 0.952808988764045 0.816 0.947752808988764 0.819 0.9455056179775281 0.827 0.9393258426966292 0.83 0.9089887640449438 0.832 0.903370786516854 0.838 0.901685393258427 0.851 0.8932584269662921 0.85 0.8893258426966292 0.844 0.8820224719101124 0.85 0.8657303370786517 0.844 0.8471910112359551 0.845 0.8438202247191011 0.849 0.8387640449438202 0.866 0.8387640449438202 0.875 0.8421348314606741 0.886 0.847752808988764 0.889 0.8865168539325843 0.88 0.8994382022471911 0.884 0.9056179775280899 0.892 0.9151685393258427 0.889 0.9191011235955057 0.893 0.9359550561797753 0.895 0.9921348314606742 0.886 1 0.886 1 0.811
1 0.5426966292134832 0.858 0.5567415730337079 0.861 0.5808988764044943 0.854 0.5971910112359551 0.84 0.6168539325842697 0.814 0.6084269662921349 0.794 0.6005617977528089 0.786 0.5921348314606741 0.785 0.5825842696629213 0.79 0.5533707865168539 0.778 0.5415730337078651 0.795 0.5308988764044944 0.803 0.5286516853932585 0.809 0.5376404494382022 0.849 0.5426966292134832 0.858