3 1 0.5466057216014897 0.9445026178010472 0.5232774674115456 0.9282722513089006 0.5130353817504656 0.9198952879581151 0.5 0.8827225130890053 0.49906890130353815 0.8795811518324608 0.5037243947858473 0.8780104712041885 0.5139664804469274 0.9036649214659686 0.5381750465549349 0.9036649214659686 0.5418994413407822 0.8994764397905759 0.5465549348230913 0.8900523560209425 0.5465549348230913 0.7926701570680629 0.5018621973929237 0.7884816753926701 0.4962756052141527 0.7884816753926701 0.48696461824953446 0.7973821989528795 0.4702048417132216 0.7942408376963351 0.4618249534450652 0.7905759162303665 0.45996275605214154 0.6743455497382199 0.43854748603351956 0.6026178010471204 0.4301675977653631 0.5931937172774869 0.43109869646182497 0.5900523560209424 0.43482309124767227 0.5890052356020943 0.48044692737430167 0.5753926701570681 0.5037243947858473 0.5821989528795811 0.5651769087523277 0.5853403141361256 0.5735567970204841 0.6162303664921466 0.5986964618249534 0.669109947643979 0.648975791433892 0.805759162303665 0.8072625698324022 0.887434554973822 0.8873370577281192 0.9214659685863874 0.9273743016759777 0.9366492146596859 0.9394785847299814 0.9465968586387434 0.9543761638733705 0.9685863874345549 0.9748603351955307 0.9806282722513089 0.9906890130353817 0.981151832460733 0.9953445065176909 0.978160059685864 1 1 1 1 0.5466057216014897
3 0.33507853403141363 0.48696461824953446 0.3298429319371728 0.4757914338919926 0.3230366492146597 0.4776536312849162 0.31884816753926704 0.49068901303538176 0.31204188481675393 0.5009310986964618 0.31308900523560207 0.5186219739292365 0.3172774869109948 0.5223463687150838 0.3335078534031414 0.5167597765363129 0.3575916230366492 0.5195530726256983 0.36282722513089005 0.515828677839851 0.37801047120418846 0.4888268156424581 0.3832460732984293 0.4851024208566108 0.39057591623036647 0.49162011173184356 0.393717277486911 0.48417132216014896 0.4 0.4860335195530726 0.4041884816753927 0.4813780260707635 0.42094240837696334 0.4757914338919926 0.42094240837696334 0.44227188081936686 0.4099476439790576 0.4441340782122905 0.4036649214659686 0.43482309124767227 0.39790575916230364 0.4338919925512104 0.32827225130890053 0.4506517690875233 0.3308900523560209 0.4720670391061452 0.3356020942408377 0.4757914338919926 0.3366492146596859 0.4860335195530726 0.33507853403141363 0.48696461824953446
3 0.131315445026178 1 0.1581151832460733 0.88268156424581 0.19109947643979058 0.7737430167597765 0.20837696335078534 0.7299813780260708 0.24397905759162303 0.6517690875232774 0.29790575916230366 0.5493482309124768 0.2895287958115183 0.5 0.28900523560209423 0.46741154562383613 0.2869109947643979 0.462756052141527 0.27486910994764396 0.462756052141527 0.22774869109947643 0.4757914338919926 0.18638743455497384 0.49441340782122906 0.16282722513089004 0.4972067039106145 0.14136125654450263 0.5093109869646183 0.08638743455497382 0.5297951582867784 0.05549738219895288 0.547486033519553 0.04397905759162304 0.5502793296089385 0.03717277486910995 0.5567970204841713 0.008376963350785341 0.5670391061452514 0 0.5748425996275605 0 1 0.131315445026178 1
0 0.21518970994764397 0 0.2361256544502618 0.14711359404096835 0.25392670157068065 0.23184357541899442 0.26335078534031414 0.2644320297951583 0.27277486910994764 0.3128491620111732 0.27382198952879583 0.3286778398510242 0.27958115183246074 0.3463687150837989 0.27958115183246074 0.42178770949720673 0.2848167539267016 0.4553072625698324 0.287434554973822 0.5037243947858473 0.29476439790575915 0.5446927374301676 0.29109947643979056 0.5567970204841713 0.2801047120418848 0.5726256983240223 0.23141361256544501 0.6722532588454376 0.18324607329842932 0.7877094972067039 0.15968586387434555 0.8640595903165735 0.1286967596858639 1 1 1 1 0.9949454646182496 0.987958115183246 0.9888268156424581 0.9722513089005236 0.9692737430167597 0.9387434554973823 0.9394785847299814 0.7858638743455497 0.7849162011173184 0.7109947643979058 0.6945996275605214 0.6853403141361256 0.6675977653631285 0.5963350785340314 0.5810055865921788 0.5785340314136126 0.5726256983240223 0.5617801047120419 0.5502793296089385 0.5329842931937173 0.5335195530726257 0.5010471204188481 0.5260707635009311 0.44293193717277485 0.4934823091247672 0.41832460732984295 0.4925512104283054 0.3973821989528796 0.49813780260707635 0.3785340314136126 0.4972067039106145 0.3544502617801047 0.5167597765363129 0.3146596858638743 0.5176908752327747 0.3104712041884817 0.5065176908752328 0.31204188481675393 0.4860335195530726 0.30471204188481676 0.46741154562383613 0.306282722513089 0.4143389199255121 0.30052356020942406 0.31191806331471134 0.3010471204188482 0.22532588454376165 0.3036649214659686 0.16387337057728119 0.3094240837696335 0.10335195530726257 0.3250899157068063 0 0.21518970994764397 0
4 0 0 0 0.4920856610800745 0.009947643979057591 0.48324022346368717 0.04764397905759162 0.4823091247672253 0.14921465968586387 0.4478584729981378 0.18848167539267016 0.4450651769087523 0.22722513089005236 0.4134078212290503 0.2544502617801047 0.4068901303538175 0.26596858638743454 0.3919925512104283 0.26910994764397905 0.3780260707635009 0.2774869109947644 0.3584729981378026 0.27853403141361255 0.34823091247672255 0.27225130890052357 0.3286778398510242 0.2675392670157068 0.29329608938547486 0.25078534031413613 0.22439478584729983 0.24450261780104712 0.17970204841713222 0.23664921465968586 0.15176908752327747 0.2324607329842932 0.11731843575418995 0.2256544502617801 0.08752327746741155 0.2166150230366492 0 0 0
4 0.324956370157068 0 0.3157068062827225 0.049348230912476726 0.30261780104712044 0.1713221601489758 0.3 0.35195530726256985 0.306282722513089 0.3659217877094972 0.3172774869109948 0.36964618249534453 0.3575916230366492 0.34543761638733705 0.36387434554973824 0.33798882681564246 0.36649214659685864 0.329608938547486 0.3643979057591623 0.313780260707635 0.381151832460733 0.3063314711359404 0.39162303664921466 0.2942271880819367 0.4031413612565445 0.2942271880819367 0.41465968586387436 0.2849162011173184 0.42198952879581153 0.260707635009311 0.4350785340314136 0.24860335195530725 0.4408376963350785 0.19925512104283055 0.44659685863874343 0.17225325884543763 0.4649214659685864 0.13500931098696461 0.4732984293193717 0.12290502793296089 0.4790575916230366 0.11824953445065177 0.48900523560209425 0.11731843575418995 0.5005235602094241 0.12290502793296089 0.5089005235602094 0.1378026070763501 0.5146596858638743 0.1601489757914339 0.5136125654450262 0.17690875232774675 0.5031413612565445 0.21042830540037244 0.5036649214659686 0.2541899441340782 0.5340314136125655 0.260707635009311 0.5445026178010471 0.28212290502793297 0.5554973821989528 0.29329608938547486 0.5753926701570681 0.2914338919925512 0.5837696335078534 0.2942271880819367 0.6026178010471204 0.31191806331471134 0.618848167539267 0.33798882681564246 0.6418848167539267 0.35661080074487894 0.7 0.3687150837988827 0.7209424083769633 0.3575418994413408 0.7371727748691099 0.35567970204841715 0.7732984293193718 0.39106145251396646 0.8094240837696335 0.4106145251396648 0.8151832460732984 0.4106145251396648 0.824607329842932 0.40130353817504655 0.8329842931937173 0.3687150837988827 0.8324607329842932 0.31098696461824954 0.8382198952879581 0.24394785847299813 0.8424083769633508 0.2383612662942272 0.8476439790575916 0.2383612662942272 0.8518324607329842 0.24767225325884543 0.8649214659685864 0.3016759776536313 0.881151832460733 0.41899441340782123 0.887434554973822 0.4366852886405959 0.9612565445026178 0.45996275605214154 0.9769633507853404 0.45996275605214154 1 0.44491316108007445 1 0 0.324956370157068 0
1 0 0.5642458100558659 0.02617801047120419 0.5642458100558659 0.07696335078534032 0.542830540037244 0.1094240837696335 0.5223463687150838 0.11884816753926701 0.521415270018622 0.1225130890052356 0.515828677839851 0.1382198952879581 0.5130353817504656 0.1586387434554974 0.5018621973929237 0.1774869109947644 0.5046554934823091 0.1973821989528796 0.49813780260707635 0.225130890052356 0.4813780260707635 0.23036649214659685 0.47392923649906893 0.26910994764397905 0.4553072625698324 0.2706806282722513 0.4450651769087523 0.2680628272251309 0.43947858472998136 0.2706806282722513 0.41899441340782123 0.26649214659685866 0.40782122905027934 0.2638743455497382 0.40502793296089384 0.25287958115183246 0.4068901303538175 0.2450261780104712 0.40409683426443205 0.218848167539267 0.41527001862197394 0.19424083769633507 0.44320297951582865 0.15968586387434555 0.43947858472998136 0.1486910994764398 0.44692737430167595 0.13769633507853404 0.44599627560521415 0.12774869109947645 0.45251396648044695 0.11570680628272251 0.4543761638733706 0.11047120418848168 0.4590316573556797 0.05549738219895288 0.4795158286778399 0.03717277486910995 0.48044692737430167 0.019895287958115182 0.4757914338919926 0.007329842931937173 0.4813780260707635 0.005235602094240838 0.48696461824953446 0 0.49068901303538176 0 0.5642458100558659
1 0.40209424083769635 0.2839851024208566 0.39528795811518325 0.28212290502793297 0.38534031413612563 0.29329608938547486 0.3842931937172775 0.3286778398510242 0.3774869109947644 0.3268156424581006 0.37329842931937174 0.3026070763500931 0.36596858638743457 0.3026070763500931 0.3643979057591623 0.3370577281191806 0.3089005235602094 0.37337057728119183 0.31204188481675393 0.4134078212290503 0.325130890052356 0.44599627560521415 0.3324607329842932 0.44878957169459965 0.39267015706806285 0.4366852886405959 0.40104712041884816 0.43109869646182497 0.41413612565445024 0.4301675977653631 0.42198952879581153 0.42178770949720673 0.4272251308900524 0.40875232774674114 0.43089005235602096 0.3752327746741155 0.43926701570680626 0.3575418994413408 0.44397905759162304 0.35288640595903165 0.450261780104712 0.3230912476722533 0.45287958115183247 0.3240223463687151 0.45549738219895286 0.33147113594040967 0.4586387434554974 0.33054003724394787 0.4586387434554974 0.3165735567970205 0.4617801047120419 0.30726256983240224 0.45654450261780105 0.29329608938547486 0.45078534031413614 0.2877094972067039 0.44293193717277485 0.28584729981378026 0.43664921465968587 0.2886405959031657 0.4356020942408377 0.25977653631284914 0.4246073298429319 0.25512104283054005 0.42198952879581153 0.2877094972067039 0.42303664921465967 0.30819366852886404 0.41413612565445024 0.31098696461824954 0.4041884816753927 0.3091247672253259 0.40209424083769635 0.2839851024208566
1 1 0.4425434515828678 0.9774869109947644 0.46089385474860334 0.9670157068062827 0.4618249534450652 0.9502617801047121 0.4543761638733706 0.9319371727748691 0.45344506517690875 0.9151832460732985 0.44227188081936686 0.8905759162303665 0.43575418994413406 0.8837696335078534 0.43854748603351956 0.8832460732984293 0.44599627560521415 0.8979057591623036 0.45623836126629425 0.9198952879581151 0.49441340782122906 0.9340314136125655 0.5130353817504656 1 0.5470666834264432 1 0.4425434515828678
1 0.7031413612565445 0.42830540037243947 0.7136125654450262 0.43202979515828677 0.7287958115183246 0.4450651769087523 0.7910994764397906 0.46089385474860334 0.8 0.45623836126629425 0.8109947643979057 0.4208566108007449 0.8089005235602095 0.41154562383612664 0.7947643979057591 0.3994413407821229 0.7675392670157068 0.3845437616387337 0.7361256544502618 0.35195530726256985 0.7293193717277487 0.3500931098696462 0.6963350785340314 0.36778398510242083 0.6471204188481675 0.35661080074487894 0.6225130890052356 0.3361266294227188 0.6151832460732984 0.3361266294227188 0.6115183246073298 0.3230912476722533 0.6020942408376964 0.30726256983240224 0.5895287958115183 0.30446927374301674 0.5842931937172775 0.2914338919925512 0.5732984293193717 0.28957169459962756 0.556020942408377 0.29236499068901306 0.5549738219895288 0.2988826815642458 0.5696335078534032 0.3398510242085661 0.587958115183246 0.4143389199255121 0.7031413612565445 0.42830540037243947
2 0.4387434554973822 0.24022346368715083 0.4549738219895288 0.27932960893854747 0.4654450261780105 0.3128491620111732 0.46335078534031415 0.3258845437616387 0.45968586387434557 0.329608938547486 0.45078534031413614 0.3240223463687151 0.4476439790575916 0.3268156424581006 0.4445026178010471 0.3500931098696462 0.4445026178010471 0.38361266294227186 0.45549738219895286 0.4376163873370577 0.45340314136125653 0.4655493482309125 0.44031413612565445 0.4925512104283054 0.4167539267015707 0.5176908752327747 0.4099476439790576 0.5307262569832403 0.39057591623036647 0.5400372439478585 0.38534031413612563 0.5456238361266295 0.381151832460733 0.5558659217877095 0.35602094240837695 0.6713221601489758 0.34921465968586385 0.6927374301675978 0.3486910994764398 0.7206703910614525 0.3460732984293194 0.7383612662942272 0.337696335078534 0.7560521415270018 0.3298429319371728 0.7616387337057728 0.3193717277486911 0.776536312849162 0.31518324607329845 0.7895716945996276 0.31413612565445026 0.8147113594040968 0.31780104712041884 0.8305400372439479 0.33298429319371725 0.8240223463687151 0.3544502617801047 0.7774674115456238 0.36596858638743457 0.7616387337057728 0.3706806282722513 0.7355679702048417 0.38219895287958117 0.6955307262569832 0.4083769633507853 0.6210428305400373 0.42303664921465967 0.6135940409683427 0.431413612565445 0.6182495344506518 0.4329842931937173 0.6713221601489758 0.4445026178010471 0.74487895716946 0.44293193717277485 0.7616387337057728 0.431413612565445 0.7746741154562383 0.4198952879581152 0.7970204841713222 0.4083769633507853 0.8026070763500931 0.3947643979057592 0.8230912476722533 0.3931937172774869 0.835195530726257 0.39790575916230364 0.8500931098696461 0.40471204188481674 0.8556797020484171 0.41465968586387436 0.8575418994413407 0.43089005235602096 0.8482309124767226 0.4382198952879581 0.8109869646182495 0.4445026178010471 0.7951582867783985 0.44973821989528795 0.7932960893854749 0.45759162303664924 0.7988826815642458 0.4680628272251309 0.7988826815642458 0.48324607329842934 0.7821229050279329 0.5 0.7467411545623837 0.506806282722513 0.7188081936685289 0.5104712041884817 0.6834264432029795 0.5141361256544502 0.6731843575418994 0.5219895287958115 0.6610800744878957 0.5455497382198953 0.6424581005586593 0.5607329842931937 0.6256983240223464 0.5727748691099477 0.6061452513966481 0.5764397905759162 0.5949720670391061 0.5795811518324607 0.5754189944134078 0.5801047120418849 0.5549348230912476 0.574869109947644 0.5046554934823091 0.5848167539267015 0.4897579143389199 0.587958115183246 0.4795158286778399 0.587958115183246 0.441340782122905 0.581151832460733 0.3919925512104283 0.56282722513089 0.3221601489757914 0.5492146596858639 0.29236499068901306 0.5403141361256545 0.27932960893854747 0.5366492146596858 0.26536312849162014 0.5314136125654451 0.25884543761638734 0.5193717277486911 0.25512104283054005 0.506806282722513 0.25605214152700184 0.5036649214659686 0.25139664804469275 0.5036649214659686 0.20949720670391062 0.512565445026178 0.1824953445065177 0.5141361256544502 0.15921787709497207 0.5109947643979058 0.14338919925512103 0.5020942408376964 0.12476722532588454 0.4931937172774869 0.11638733705772812 0.4863874345549738 0.11452513966480447 0.468586387434555 0.12942271880819367 0.44712041884816756 0.16666666666666666 0.44397905759162304 0.1750465549348231 0.4408376963350785 0.20018621973929238 0.4387434554973822 0.24022346368715083
2 0.4452382979057592 0.3637855260707635 0.4455575717277487 0.33705340875232775 0.45092888324607333 0.32454431750465546 0.45923790942408377 0.3301748147113594 0.45969457958115184 0.31468435474860335 0.4592982057591623 0.29894076070763503 0.4527367837696335 0.28671293109869644 0.4416650015706806 0.2870838445065177 0.4314225408376964 0.2915400754189944 0.42838301465968587 0.31678502420856613 0.428231780104712 0.33062834823091247 0.43273620890052356 0.33702879795158286 0.43359913769633507 0.36120671229050283 0.4249481036649215 0.3716151340782123 0.42156261518324606 0.4096504348230912 0.4135886785340314 0.4255504804469274 0.4040243036649215 0.4251690204841713 0.3941624015706806 0.439611782122905 0.4018378219895288 0.45401235381750465 0.41070631832460736 0.443275208566108 0.42985681413612564 0.4199568994413408 0.4354614036649215 0.43269978864059594 0.4216416926701571 0.43938501489757914 0.42377776230366493 0.46793126722532585 0.43892399162303664 0.4648532150837989 0.4390505151832461 0.4752317523277468 0.4046519785340314 0.49143942737430163 0.4018991068062827 0.5076576508379889 0.41111356544502614 0.5277467299813781 0.4492435528795812 0.4755235605214153 0.4547394109947644 0.45910669739292365 0.45369065078534027 0.42450629888268154 0.4452570785340314 0.3909975446927374 0.4452382979057592 0.3637855260707635