3 1 0.5619535392354125 0.9723163841807909 0.5503018108651911 0.9548022598870056 0.5392354124748491 0.9457627118644067 0.5251509054325956 0.9056497175141243 0.5241448692152918 0.9022598870056497 0.5291750503018109 0.9005649717514125 0.540241448692153 0.9282485875706215 0.5663983903420523 0.9282485875706215 0.5704225352112676 0.923728813559322 0.5754527162977867 0.9135593220338983 0.5754527162977867 0.8084745762711865 0.5271629778672032 0.803954802259887 0.5211267605633803 0.803954802259887 0.5110663983903421 0.8135593220338984 0.49295774647887325 0.8101694915254237 0.48390342052313884 0.8062146892655367 0.4818913480885312 0.6807909604519774 0.45875251509054327 0.6033898305084746 0.44969818913480886 0.5932203389830508 0.4507042253521127 0.5898305084745763 0.45472837022132795 0.5887005649717514 0.5040241448692153 0.5740112994350283 0.5291750503018109 0.5813559322033899 0.5955734406438632 0.5847457627118644 0.6046277665995976 0.6180790960451977 0.6317907444668008 0.6751412429378532 0.6861167002012073 0.8225988700564971 0.8571428571428571 0.9107344632768362 0.9436619718309859 0.9474576271186441 0.9869215291750503 0.9638418079096045 1 1 1 1 0.5619535392354125
3 0.31468926553672316 0.5110663983903421 0.30903954802259886 0.49899396378269617 0.3016949152542373 0.5010060362173038 0.29717514124293787 0.5150905432595574 0.28983050847457625 0.5261569416498993 0.2909604519774011 0.545271629778672 0.29548022598870055 0.5492957746478874 0.3129943502824859 0.5432595573440644 0.3389830508474576 0.5462776659959758 0.3446327683615819 0.5422535211267606 0.3610169491525424 0.5130784708249497 0.36666666666666664 0.5090543259557344 0.37457627118644066 0.5160965794768612 0.37796610169491524 0.5080482897384306 0.3847457627118644 0.5100603621730382 0.38926553672316383 0.5050301810865191 0.4073446327683616 0.49899396378269617 0.4073446327683616 0.46277665995975853 0.3954802259887006 0.4647887323943662 0.3887005649717514 0.45472837022132795 0.3824858757062147 0.4537223340040241 0.3073446327683616 0.47183098591549294 0.3101694915254237 0.4949698189134809 0.3152542372881356 0.49899396378269617 0.3163841807909605 0.5100603621730382 0.31468926553672316 0.5110663983903421
3 0.10972810734463277 1 0.12372881355932204 0.9386317907444668 0.15932203389830507 0.8209255533199196 0.17796610169491525 0.7736418511066399 0.21638418079096045 0.6891348088531187 0.2745762711864407 0.5784708249496981 0.2655367231638418 0.5251509054325956 0.2649717514124294 0.48993963782696176 0.2627118644067797 0.48490945674044267 0.2497175141242938 0.48490945674044267 0.19887005649717515 0.49899396378269617 0.15423728813559323 0.5191146881287726 0.1288135593220339 0.5221327967806841 0.10564971751412429 0.5352112676056338 0.04632768361581921 0.5573440643863179 0.012994350282485875 0.5764587525150905 0.0005649717514124294 0.579476861167002 0 0.5800185734406439 0 1 0.10972810734463277 1
0 0.1874625096045198 0 0.207909604519774 0.14386317907444668 0.2271186440677966 0.23541247484909456 0.23728813559322035 0.27062374245472837 0.24745762711864408 0.32293762575452717 0.24858757062146894 0.34004024144869216 0.25480225988700567 0.3591549295774648 0.25480225988700567 0.44064386317907445 0.26045197740112996 0.4768611670020121 0.2632768361581921 0.5291750503018109 0.2711864406779661 0.5734406438631791 0.2672316384180791 0.5865191146881288 0.25536723163841807 0.6036217303822937 0.20282485875706216 0.7112676056338029 0.15084745762711865 0.8360160965794768 0.12542372881355932 0.9185110663983903 0.10687127796610169 1 0.9661016949152542 1 0.8011299435028248 0.8329979879275654 0.7203389830508474 0.7354124748490946 0.6926553672316385 0.7062374245472837 0.5966101694915255 0.6126760563380281 0.5774011299435028 0.6036217303822937 0.559322033898305 0.579476861167002 0.5282485875706214 0.5613682092555332 0.4937853107344633 0.5533199195171026 0.43107344632768363 0.5181086519114688 0.40451977401129946 0.5171026156941649 0.38192090395480227 0.5231388329979879 0.3615819209039548 0.5221327967806841 0.33559322033898303 0.5432595573440644 0.29265536723163843 0.5442655935613682 0.288135593220339 0.5321931589537223 0.28983050847457625 0.5100603621730382 0.28192090395480224 0.48993963782696176 0.28361581920903955 0.43259557344064387 0.2774011299435028 0.32193158953722334 0.27796610169491526 0.2283702213279678 0.2807909604519774 0.1619718309859155 0.28700564971751413 0.096579476861167 0.30162613615819206 0 0.1874625096045198 0
4 0 0 0 0.5061479989939638 0.004519774011299435 0.506036217303823 0.11412429378531073 0.4688128772635815 0.15649717514124295 0.46579476861167 0.19830508474576272 0.43158953722334004 0.22768361581920904 0.4245472837022133 0.2401129943502825 0.4084507042253521 0.24350282485875707 0.3933601609657948 0.25254237288135595 0.3722334004024145 0.2536723163841808 0.3611670020120724 0.24689265536723165 0.34004024144869216 0.24180790960451978 0.30181086519114686 0.22372881355932203 0.22736418511066397 0.21694915254237288 0.1790744466800805 0.20847457627118643 0.1488933601609658 0.20395480225988702 0.11167002012072434 0.19661016949152543 0.079476861167002 0.1884123141242938 0 0 0
4 0.3009416197740113 0 0.2937853107344633 0.03822937625754527 0.2796610169491525 0.17002012072434608 0.2768361581920904 0.36519114688128773 0.28361581920903955 0.38028169014084506 0.29548022598870055 0.3843058350100604 0.3389830508474576 0.358148893360161 0.34576271186440677 0.3501006036217304 0.34858757062146895 0.341046277665996 0.3463276836158192 0.323943661971831 0.3644067796610169 0.3158953722334004 0.3757062146892655 0.3028169014084507 0.38813559322033897 0.3028169014084507 0.4005649717514124 0.29275653923541245 0.40847457627118644 0.2665995975855131 0.42259887005649716 0.2535211267605634 0.4288135593220339 0.20020120724346077 0.4350282485875706 0.1710261569416499 0.4548022598870056 0.13078470824949698 0.4638418079096045 0.11770623742454728 0.47005649717514125 0.11267605633802817 0.4807909604519774 0.11167002012072434 0.49322033898305084 0.11770623742454728 0.5022598870056497 0.13380281690140844 0.5084745762711864 0.1579476861167002 0.5073446327683616 0.176056338028169 0.496045197740113 0.21227364185110664 0.4966101694915254 0.2595573440643863 0.5293785310734463 0.2665995975855131 0.5406779661016949 0.289738430583501 0.5525423728813559 0.30181086519114686 0.5740112994350283 0.29979879275653926 0.5830508474576271 0.3028169014084507 0.6033898305084746 0.32193158953722334 0.6209039548022599 0.3501006036217304 0.6457627118644068 0.3702213279678068 0.7084745762711865 0.38329979879275655 0.7310734463276836 0.37122736418511065 0.748587570621469 0.369215291750503 0.7875706214689265 0.4074446680080483 0.8265536723163842 0.42857142857142855 0.8327683615819209 0.42857142857142855 0.8429378531073446 0.41851106639839036 0.8519774011299435 0.38329979879275655 0.8514124293785311 0.3209255533199195 0.8576271186440678 0.24849094567404426 0.8621468926553673 0.24245472837022133 0.8677966101694915 0.24245472837022133 0.8723163841807909 0.25251509054325955 0.8864406779661017 0.31086519114688127 0.903954802259887 0.43762575452716296 0.9107344632768362 0.4567404426559356 0.9903954802259887 0.4818913480885312 1 0.4818913480885312 1 0 0.3009416197740113 0
1 0 0.586695430583501 0.03615819209039548 0.5714285714285714 0.0711864406779661 0.5492957746478874 0.08135593220338982 0.5482897384305835 0.08531073446327683 0.5422535211267606 0.10225988700564972 0.5392354124748491 0.12429378531073447 0.5271629778672032 0.14463276836158193 0.5301810865191147 0.16610169491525423 0.5231388329979879 0.196045197740113 0.5050301810865191 0.2016949152542373 0.4969818913480885 0.24350282485875707 0.4768611670020121 0.24519774011299436 0.46579476861167 0.2423728813559322 0.4597585513078471 0.24519774011299436 0.43762575452716296 0.24067796610169492 0.4255533199195171 0.23785310734463277 0.4225352112676056 0.22598870056497175 0.4245472837022133 0.2175141242937853 0.4215291750503018 0.18926553672316385 0.4336016096579477 0.16271186440677965 0.46378269617706236 0.12542372881355932 0.4597585513078471 0.1135593220338983 0.4678068410462777 0.1016949152542373 0.46680080482897385 0.09096045197740113 0.4738430583501006 0.07796610169491526 0.47585513078470826 0.07231638418079096 0.48088531187122735 0.012994350282485875 0.5030181086519114 0 0.5036792183098592 0 0.586695430583501
1 0.3870056497175141 0.2917505030181087 0.37966101694915255 0.289738430583501 0.36892655367231636 0.30181086519114686 0.3677966101694915 0.34004024144869216 0.36045197740112994 0.3380281690140845 0.3559322033898305 0.3118712273641851 0.3480225988700565 0.3118712273641851 0.3463276836158192 0.34909456740442657 0.2864406779661017 0.38832997987927564 0.28983050847457625 0.43158953722334004 0.303954802259887 0.46680080482897385 0.31186440677966104 0.46981891348088534 0.3768361581920904 0.4567404426559356 0.38587570621468925 0.4507042253521127 0.4 0.44969818913480886 0.40847457627118644 0.44064386317907445 0.41412429378531074 0.42655935613682094 0.4180790960451977 0.3903420523138833 0.4271186440677966 0.37122736418511065 0.4322033898305085 0.36619718309859156 0.43898305084745765 0.33400402414486924 0.44180790960451977 0.335010060362173 0.44463276836158194 0.34305835010060365 0.4480225988700565 0.3420523138832998 0.4480225988700565 0.32696177062374243 0.4514124293785311 0.31690140845070425 0.4457627118644068 0.30181086519114686 0.43954802259887005 0.29577464788732394 0.43107344632768363 0.2937625754527163 0.4242937853107345 0.29678068410462777 0.4231638418079096 0.2655935613682093 0.41129943502824856 0.2605633802816901 0.40847457627118644 0.29577464788732394 0.4096045197740113 0.317907444668008 0.4 0.3209255533199195 0.38926553672316383 0.31891348088531185 0.3870056497175141 0.2917505030181087
1 1 0.4836016096579477 0.9966101694915255 0.48390342052313884 0.9785310734463277 0.47585513078470826 0.9587570621468926 0.47484909456740443 0.940677966101695 0.46277665995975853 0.9141242937853107 0.4557344064386318 0.9067796610169492 0.45875251509054327 0.9062146892655367 0.46680080482897385 0.9220338983050848 0.4778672032193159 0.9457627118644067 0.5191146881287726 0.9610169491525423 0.5392354124748491 1 0.5593714959758551 1 0.4836016096579477
1 0.711864406779661 0.4476861167002012 0.7231638418079096 0.4517102615694165 0.7395480225988701 0.46579476861167 0.8067796610169492 0.482897384305835 0.8163841807909604 0.4778672032193159 0.8282485875706215 0.4396378269617706 0.8259887005649718 0.4295774647887324 0.8107344632768362 0.4164989939637827 0.7813559322033898 0.40040241448692154 0.747457627118644 0.36519114688128773 0.7401129943502824 0.3631790744466801 0.7045197740112994 0.3822937625754527 0.651412429378531 0.3702213279678068 0.6248587570621469 0.34808853118712274 0.6169491525423729 0.34808853118712274 0.6129943502824858 0.33400402414486924 0.6028248587570622 0.31690140845070425 0.5892655367231638 0.31388329979879276 0.5836158192090396 0.29979879275653926 0.5717514124293785 0.2977867203219316 0.5531073446327683 0.3008048289738431 0.5519774011299435 0.30784708249496984 0.5677966101694916 0.352112676056338 0.5875706214689266 0.43259557344064387 0.711864406779661 0.4476861167002012
2 0.4265536723163842 0.24446680080482897 0.4440677966101695 0.28672032193158953 0.4553672316384181 0.32293762575452717 0.45310734463276836 0.33702213279678067 0.4491525423728814 0.341046277665996 0.43954802259887005 0.335010060362173 0.43615819209039547 0.3380281690140845 0.4327683615819209 0.3631790744466801 0.4327683615819209 0.3993963782696177 0.44463276836158194 0.45774647887323944 0.4423728813559322 0.4879275653923541 0.42824858757062145 0.5171026156941649 0.40282485875706214 0.5442655935613682 0.3954802259887006 0.5583501006036218 0.37457627118644066 0.56841046277666 0.36892655367231636 0.5744466800804829 0.3644067796610169 0.5855130784708249 0.33728813559322035 0.710261569416499 0.32994350282485874 0.7334004024144869 0.32937853107344633 0.7635814889336016 0.32655367231638416 0.7826961770623743 0.31751412429378534 0.8018108651911469 0.30903954802259886 0.8078470824949698 0.29774011299435027 0.823943661971831 0.29322033898305083 0.8380281690140845 0.292090395480226 0.8651911468812877 0.296045197740113 0.8822937625754527 0.31242937853107344 0.8752515090543259 0.33559322033898303 0.8249496981891348 0.3480225988700565 0.8078470824949698 0.3531073446327684 0.7796780684104627 0.3655367231638418 0.7364185110663984 0.39378531073446327 0.6559356136820925 0.4096045197740113 0.647887323943662 0.4186440677966102 0.6529175050301811 0.42033898305084744 0.710261569416499 0.4327683615819209 0.789738430583501 0.43107344632768363 0.8078470824949698 0.4186440677966102 0.8219315895372233 0.4062146892655367 0.8460764587525151 0.39378531073446327 0.852112676056338 0.3790960451977401 0.8742454728370221 0.37740112994350283 0.8873239436619719 0.3824858757062147 0.903420523138833 0.3898305084745763 0.9094567404426559 0.4005649717514124 0.9114688128772636 0.4180790960451977 0.9014084507042254 0.42598870056497173 0.8611670020120724 0.4327683615819209 0.8440643863179075 0.4384180790960452 0.8420523138832998 0.44689265536723166 0.8480885311871227 0.4581920903954802 0.8480885311871227 0.4745762711864407 0.829979879275654 0.49265536723163844 0.7917505030181087 0.5 0.761569416498994 0.503954802259887 0.7233400402414487 0.507909604519774 0.7122736418511066 0.5163841807909605 0.6991951710261569 0.5418079096045197 0.6790744466800804 0.5581920903954802 0.6609657947686117 0.5711864406779661 0.6398390342052314 0.5751412429378531 0.6277665995975855 0.5785310734463277 0.6066398390342053 0.5790960451977402 0.5845070422535211 0.5734463276836158 0.5301810865191147 0.584180790960452 0.5140845070422535 0.5875706214689266 0.5030181086519114 0.5875706214689266 0.46177062374245476 0.580225988700565 0.4084507042253521 0.56045197740113 0.3329979879275654 0.5457627118644067 0.3008048289738431 0.5361581920903955 0.28672032193158953 0.5322033898305085 0.2716297786720322 0.5265536723163842 0.26458752515090544 0.5135593220338983 0.2605633802816901 0.5 0.26156941649899396 0.4966101694915254 0.25653923541247486 0.4966101694915254 0.2112676056338028 0.5062146892655367 0.18209255533199195 0.507909604519774 0.15694164989939638 0.5045197740112994 0.1398390342052314 0.49491525423728816 0.11971830985915492 0.4853107344632768 0.11066398390342053 0.47796610169491527 0.10865191146881288 0.45875706214689266 0.12474849094567404 0.43559322033898307 0.16498993963782696 0.4322033898305085 0.17404426559356137 0.4288135593220339 0.2012072434607646 0.4265536723163842 0.24446680080482897
2 0.4335622310734464 0.3779734959758551 0.4339067581920904 0.3490899004024145 0.4397029192090396 0.33557404124748486 0.44866915649717515 0.3416576971830986 0.44916194745762716 0.32492052012072437 0.44873422203389834 0.3079098360160966 0.4416538175141243 0.29469787525150903 0.4297063011299435 0.2950986408450704 0.418653702259887 0.29991352213279676 0.4153737615819209 0.32719025754527165 0.4152105649717514 0.3421477323943662 0.42007127627118646 0.3490633088531187 0.4210024593220339 0.3751871317907445 0.41166716271186443 0.38643325352112673 0.40801389548022593 0.427529745472837 0.3994092519774011 0.44470947283702217 0.38908837288135595 0.44429731187122734 0.37844643333333333 0.4599024688128773 0.38672894915254236 0.47546204024144867 0.3962989084745763 0.4638607384305835 0.4169641327683616 0.4386657042253521 0.4230120231638418 0.45243417806841046 0.40809922768361584 0.4596574507042253 0.4104042519774011 0.49050118812877264 0.42674848813559324 0.4871754054325956 0.4268850192090396 0.4983892374245473 0.38976569435028247 0.5159013531187122 0.3867950813559322 0.5334248661971831 0.3967383672316384 0.5551307726358149 0.43788428587570627 0.49870453118712277 0.4438148446327684 0.48096639134808855 0.44268313163841805 0.4435812525150905 0.43358249717514125 0.40737561670020117 0.4335622310734464 0.3779734959758551