3 1 1 0.9994791666666667 0.5481481481481482 0.9421875 0.524074074074074 0.9260416666666667 0.5138888888888888 0.9177083333333333 0.5009259259259259 0.8807291666666667 0.5 0.8776041666666666 0.5046296296296297 0.8760416666666667 0.5148148148148148 0.9015625 0.5388888888888889 0.9015625 0.5425925925925926 0.8973958333333333 0.5472222222222223 0.8880208333333334 0.5472222222222223 0.7911458333333333 0.5027777777777778 0.7869791666666667 0.49722222222222223 0.7869791666666667 0.487962962962963 0.7958333333333333 0.47129629629629627 0.7927083333333333 0.46296296296296297 0.7890625 0.46111111111111114 0.6734375 0.4398148148148148 0.6020833333333333 0.43148148148148147 0.5927083333333333 0.4324074074074074 0.5895833333333333 0.4361111111111111 0.5885416666666666 0.48148148148148145 0.575 0.5046296296296297 0.5817708333333333 0.5657407407407408 0.5848958333333333 0.5740740740740741 0.615625 0.5990740740740741 0.6682291666666667 0.649074074074074 0.8041666666666667 0.8064814814814815 0.8854166666666666 0.8861111111111111 0.9192708333333334 0.9259259259259259 0.934375 0.937962962962963 0.9442708333333333 0.9527777777777777 0.9661458333333334 0.9731481481481481 0.978125 0.9888888888888889 0.9786458333333333 0.9935185185185185 0.9744791666666667 1 1 1
3 0.3359375 0.487962962962963 0.3307291666666667 0.47685185185185186 0.32395833333333335 0.4787037037037037 0.31979166666666664 0.49166666666666664 0.31302083333333336 0.5018518518518519 0.3140625 0.5194444444444445 0.3182291666666667 0.5231481481481481 0.334375 0.5175925925925926 0.35833333333333334 0.5203703703703704 0.36354166666666665 0.5166666666666667 0.37864583333333335 0.4898148148148148 0.38385416666666666 0.4861111111111111 0.39114583333333336 0.4925925925925926 0.39427083333333335 0.48518518518518516 0.4005208333333333 0.48703703703703705 0.4046875 0.4824074074074074 0.42135416666666664 0.47685185185185186 0.42135416666666664 0.44351851851851853 0.41041666666666665 0.44537037037037036 0.4041666666666667 0.4361111111111111 0.3984375 0.4351851851851852 0.32916666666666666 0.45185185185185184 0.33177083333333335 0.47314814814814815 0.33645833333333336 0.47685185185185186 0.3375 0.48703703703703705 0.3359375 0.487962962962963
3 0.1328125 1 0.15989583333333332 0.8814814814814815 0.19270833333333334 0.7731481481481481 0.20989583333333334 0.7296296296296296 0.2453125 0.6518518518518519 0.2989583333333333 0.55 0.290625 0.5009259259259259 0.29010416666666666 0.4685185185185185 0.28802083333333334 0.4638888888888889 0.2760416666666667 0.4638888888888889 0.22916666666666666 0.47685185185185186 0.18802083333333333 0.49537037037037035 0.16458333333333333 0.4981481481481482 0.14322916666666666 0.5101851851851852 0.08854166666666667 0.5305555555555556 0.0578125 0.5481481481481482 0.04635416666666667 0.5509259259259259 0.03958333333333333 0.5574074074074075 0.0109375 0.5675925925925925 0 0.5777777777777777 0 1 0.1328125 1
0 0.21614583333333334 0 0.2375 0.15 0.2552083333333333 0.23425925925925925 0.26458333333333334 0.26666666666666666 0.27395833333333336 0.3148148148148148 0.275 0.33055555555555555 0.28072916666666664 0.34814814814814815 0.28072916666666664 0.42314814814814816 0.2859375 0.4564814814814815 0.28854166666666664 0.5046296296296297 0.29583333333333334 0.5453703703703704 0.2921875 0.5574074074074075 0.28125 0.5731481481481482 0.2328125 0.6722222222222223 0.18489583333333334 0.7870370370370371 0.16145833333333334 0.8629629629629629 0.13020833333333334 1 1 1 1 0.9944444444444445 0.9854166666666667 0.987037037037037 0.9697916666666667 0.9675925925925926 0.9364583333333333 0.937962962962963 0.784375 0.7842592592592592 0.7098958333333333 0.6944444444444444 0.684375 0.6675925925925926 0.5958333333333333 0.5814814814814815 0.578125 0.5731481481481482 0.5614583333333333 0.5509259259259259 0.5328125 0.5342592592592592 0.5010416666666667 0.5268518518518519 0.4432291666666667 0.49444444444444446 0.41875 0.4935185185185185 0.39791666666666664 0.49907407407407406 0.37916666666666665 0.4981481481481482 0.35520833333333335 0.5175925925925926 0.315625 0.5185185185185185 0.31145833333333334 0.5074074074074074 0.31302083333333336 0.48703703703703705 0.30572916666666666 0.4685185185185185 0.3072916666666667 0.41574074074074074 0.3015625 0.3138888888888889 0.3020833333333333 0.22777777777777777 0.3046875 0.16666666666666666 0.3104166666666667 0.10648148148148148 0.3265625 0 0.21614583333333334 0
4 0 0 0 0.49537037037037035 0.0125 0.4842592592592593 0.05 0.48333333333333334 0.15104166666666666 0.44907407407407407 0.19010416666666666 0.4462962962962963 0.22864583333333333 0.4148148148148148 0.2557291666666667 0.4083333333333333 0.2671875 0.39351851851851855 0.2703125 0.37962962962962965 0.2786458333333333 0.36018518518518516 0.2796875 0.35 0.2734375 0.33055555555555555 0.26875 0.2953703703703704 0.2520833333333333 0.22685185185185186 0.24583333333333332 0.1824074074074074 0.23802083333333332 0.15462962962962962 0.23385416666666667 0.12037037037037036 0.22708333333333333 0.09074074074074075 0.21770833333333334 0 0 0
4 0.3265625 0 0.31666666666666665 0.05277777777777778 0.30364583333333334 0.17407407407407408 0.30104166666666665 0.3537037037037037 0.3072916666666667 0.3675925925925926 0.3182291666666667 0.3712962962962963 0.35833333333333334 0.3472222222222222 0.3645833333333333 0.3398148148148148 0.3671875 0.3314814814814815 0.3651041666666667 0.31574074074074077 0.38177083333333334 0.30833333333333335 0.3921875 0.2962962962962963 0.4036458333333333 0.2962962962962963 0.41510416666666666 0.28703703703703703 0.42239583333333336 0.26296296296296295 0.4354166666666667 0.25092592592592594 0.44114583333333335 0.20185185185185187 0.446875 0.175 0.46510416666666665 0.13796296296296295 0.4734375 0.1259259259259259 0.4791666666666667 0.12129629629629629 0.4890625 0.12037037037037036 0.5005208333333333 0.1259259259259259 0.5088541666666667 0.14074074074074075 0.5145833333333333 0.16296296296296298 0.5135416666666667 0.17962962962962964 0.503125 0.21296296296296297 0.5036458333333333 0.2564814814814815 0.5338541666666666 0.26296296296296295 0.5442708333333334 0.28425925925925927 0.5552083333333333 0.2953703703703704 0.575 0.2935185185185185 0.5833333333333334 0.2962962962962963 0.6020833333333333 0.3138888888888889 0.6182291666666667 0.3398148148148148 0.6411458333333333 0.35833333333333334 0.6989583333333333 0.37037037037037035 0.7197916666666667 0.3592592592592593 0.7359375 0.3574074074074074 0.771875 0.3925925925925926 0.8078125 0.41203703703703703 0.8135416666666667 0.41203703703703703 0.8229166666666666 0.4027777777777778 0.83125 0.37037037037037035 0.8307291666666666 0.31296296296296294 0.8364583333333333 0.2462962962962963 0.840625 0.24074074074074073 0.8458333333333333 0.24074074074074073 0.85 0.25 0.8630208333333333 0.3037037037037037 0.8791666666666667 0.4203703703703704 0.8854166666666666 0.43796296296296294 0.9588541666666667 0.46111111111111114 0.9744791666666667 0.46111111111111114 1 0.4444444444444444 1 0 0.3265625 0
1 0 0.5648148148148148 0.028645833333333332 0.5648148148148148 0.07916666666666666 0.5435185185185185 0.11145833333333334 0.5231481481481481 0.12083333333333333 0.5222222222222223 0.12447916666666667 0.5166666666666667 0.14010416666666667 0.5138888888888888 0.16041666666666668 0.5027777777777778 0.17916666666666667 0.5055555555555555 0.19895833333333332 0.49907407407407406 0.2265625 0.4824074074074074 0.23177083333333334 0.475 0.2703125 0.4564814814814815 0.271875 0.4462962962962963 0.26927083333333335 0.44074074074074077 0.271875 0.4203703703703704 0.2677083333333333 0.40925925925925927 0.26510416666666664 0.4064814814814815 0.25416666666666665 0.4083333333333333 0.24635416666666668 0.40555555555555556 0.2203125 0.4166666666666667 0.19583333333333333 0.4444444444444444 0.16145833333333334 0.44074074074074077 0.15052083333333333 0.44814814814814813 0.13958333333333334 0.44722222222222224 0.1296875 0.4537037037037037 0.11770833333333333 0.45555555555555555 0.1125 0.4601851851851852 0.0578125 0.48055555555555557 0.03958333333333333 0.48148148148148145 0.022395833333333334 0.47685185185185186 0.009895833333333333 0.4824074074074074 0.0078125 0.487962962962963 0 0.4935185185185185 0 0.5648148148148148
1 0.40260416666666665 0.2861111111111111 0.3958333333333333 0.28425925925925927 0.3859375 0.2953703703703704 0.3848958333333333 0.33055555555555555 0.378125 0.3287037037037037 0.37395833333333334 0.30462962962962964 0.36666666666666664 0.30462962962962964 0.3651041666666667 0.3388888888888889 0.3098958333333333 0.375 0.31302083333333336 0.4148148148148148 0.3260416666666667 0.44722222222222224 0.3333333333333333 0.45 0.3932291666666667 0.43796296296296294 0.4015625 0.4324074074074074 0.41458333333333336 0.43148148148148147 0.42239583333333336 0.42314814814814816 0.4276041666666667 0.4101851851851852 0.43125 0.3768518518518518 0.4395833333333333 0.3592592592592593 0.44427083333333334 0.35462962962962963 0.4505208333333333 0.325 0.453125 0.32592592592592595 0.4557291666666667 0.3333333333333333 0.4588541666666667 0.33240740740740743 0.4588541666666667 0.31851851851851853 0.46197916666666666 0.30925925925925923 0.45677083333333335 0.2953703703703704 0.4510416666666667 0.2898148148148148 0.4432291666666667 0.287962962962963 0.43697916666666664 0.29074074074074074 0.4359375 0.262037037037037 0.425 0.2574074074074074 0.42239583333333336 0.2898148148148148 0.4234375 0.3101851851851852 0.41458333333333336 0.31296296296296294 0.4046875 0.3111111111111111 0.40260416666666665 0.2861111111111111
1 1 0.44166666666666665 0.975 0.462037037037037 0.9645833333333333 0.46296296296296297 0.9479166666666666 0.45555555555555555 0.9296875 0.4546296296296296 0.9130208333333333 0.44351851851851853 0.8885416666666667 0.43703703703703706 0.8817708333333333 0.4398148148148148 0.88125 0.44722222222222224 0.8958333333333334 0.45740740740740743 0.9177083333333333 0.49537037037037035 0.9317708333333333 0.5138888888888888 1 0.549074074074074 1 0.44166666666666665
1 0.7020833333333333 0.42962962962962964 0.7125 0.43333333333333335 0.7276041666666667 0.4462962962962963 0.7895833333333333 0.462037037037037 0.7984375 0.45740740740740743 0.809375 0.4222222222222222 0.8072916666666666 0.412962962962963 0.7932291666666667 0.4009259259259259 0.7661458333333333 0.3861111111111111 0.7348958333333333 0.3537037037037037 0.728125 0.35185185185185186 0.6953125 0.36944444444444446 0.6463541666666667 0.35833333333333334 0.621875 0.33796296296296297 0.6145833333333334 0.33796296296296297 0.6109375 0.325 0.6015625 0.30925925925925923 0.5890625 0.30648148148148147 0.5838541666666667 0.2935185185185185 0.5729166666666666 0.2916666666666667 0.5557291666666667 0.29444444444444445 0.5546875 0.30092592592592593 0.5692708333333333 0.3416666666666667 0.5875 0.41574074074074074 0.7020833333333333 0.42962962962962964
2 0.4390625 0.24259259259259258 0.4552083333333333 0.2814814814814815 0.465625 0.3148148148148148 0.4635416666666667 0.3277777777777778 0.45989583333333334 0.3314814814814815 0.4510416666666667 0.32592592592592595 0.4479166666666667 0.3287037037037037 0.44479166666666664 0.35185185185185186 0.44479166666666664 0.3851851851851852 0.4557291666666667 0.4388888888888889 0.45364583333333336 0.4666666666666667 0.440625 0.4935185185185185 0.4171875 0.5185185185185185 0.41041666666666665 0.5314814814814814 0.39114583333333336 0.5407407407407407 0.3859375 0.5462962962962963 0.38177083333333334 0.5564814814814815 0.3567708333333333 0.6712962962962963 0.35 0.6925925925925925 0.3494791666666667 0.7203703703703703 0.346875 0.7379629629629629 0.3385416666666667 0.7555555555555555 0.3307291666666667 0.7611111111111111 0.3203125 0.7759259259259259 0.31614583333333335 0.7888888888888889 0.3151041666666667 0.8138888888888889 0.31875 0.8296296296296296 0.3338541666666667 0.8231481481481482 0.35520833333333335 0.7768518518518519 0.36666666666666664 0.7611111111111111 0.37135416666666665 0.7351851851851852 0.3828125 0.6953703703703704 0.4088541666666667 0.6212962962962963 0.4234375 0.6138888888888889 0.4317708333333333 0.6185185185185185 0.43333333333333335 0.6712962962962963 0.44479166666666664 0.7444444444444445 0.4432291666666667 0.7611111111111111 0.4317708333333333 0.774074074074074 0.4203125 0.7962962962962963 0.4088541666666667 0.8018518518518518 0.3953125 0.8222222222222222 0.39375 0.8342592592592593 0.3984375 0.8490740740740741 0.40520833333333334 0.8546296296296296 0.41510416666666666 0.8564814814814815 0.43125 0.8472222222222222 0.43854166666666666 0.8101851851851852 0.44479166666666664 0.7944444444444444 0.45 0.7925925925925926 0.4578125 0.7981481481481482 0.46822916666666664 0.7981481481481482 0.48333333333333334 0.7814814814814814 0.5 0.7462962962962963 0.5067708333333333 0.7185185185185186 0.5104166666666666 0.6833333333333333 0.5140625 0.6731481481481482 0.521875 0.6611111111111111 0.5453125 0.6425925925925926 0.5604166666666667 0.6259259259259259 0.5723958333333333 0.6064814814814815 0.5760416666666667 0.5953703703703703 0.5791666666666667 0.575925925925926 0.5796875 0.5555555555555556 0.5744791666666667 0.5055555555555555 0.584375 0.49074074074074076 0.5875 0.48055555555555557 0.5875 0.4425925925925926 0.5807291666666666 0.39351851851851855 0.5625 0.32407407407407407 0.5489583333333333 0.29444444444444445 0.5401041666666667 0.2814814814814815 0.5364583333333334 0.2675925925925926 0.53125 0.2611111111111111 0.5192708333333333 0.2574074074074074 0.5067708333333333 0.25833333333333336 0.5036458333333333 0.2537037037037037 0.5036458333333333 0.21203703703703702 0.5125 0.18518518518518517 0.5140625 0.16203703703703703 0.5109375 0.14629629629629629 0.5020833333333333 0.12777777777777777 0.49322916666666666 0.11944444444444445 0.4864583333333333 0.1175925925925926 0.46875 0.13240740740740742 0.4473958333333333 0.16944444444444445 0.44427083333333334 0.17777777777777778 0.44114583333333335 0.20277777777777778 0.4390625 0.24259259259259258
2 0.4455235151041667 0.3654681990740741 0.44584112604166665 0.3388845935185185 0.4511844619791667 0.3264449972222222 0.4594502119791667 0.3320442138888889 0.45990450364583335 0.31663981203703706 0.45951019427083334 0.3009836824074074 0.4529829463541667 0.2888237851851852 0.4419688296875 0.28919263796296296 0.4317797151041667 0.29362411203703703 0.42875601979166666 0.3187288111111111 0.4286055729166666 0.3324952277777778 0.43308654114583334 0.33886011944444444 0.43394497552083333 0.36290371203703703 0.4253389989583333 0.37325430925925923 0.4219711432291666 0.4110783027777778 0.41403873750000003 0.4268900148148148 0.4045241770833333 0.42651067407407406 0.3947136390625 0.4408731981481481 0.4023490833333333 0.45519376666666667 0.4111713895833333 0.44451627222222223 0.4302221432291667 0.42132750925925927 0.4357975421875 0.43399960462962967 0.4220498088541667 0.4406476907407407 0.424174753125 0.46903535277777775 0.43924209583333335 0.46597440092592596 0.4393679604166667 0.47629527962962964 0.4051485828125 0.49241291203703696 0.4024100489583333 0.5085410342592593 0.411576515625 0.5285185074074074 0.449507909375 0.4765854666666667 0.45497514322916666 0.46025980833333335 0.45393184531249997 0.42585163425925926 0.44554219791666666 0.3925290398148148 0.4455235151041667 0.3654681990740741