3 0.4546191247974068 0.5389048991354467 0.45948136142625606 0.5576368876080692 0.5372771474878444 0.553314121037464 0.45786061588330634 0.5273775216138329 0.4546191247974068 0.5389048991354467
3 1 0.6751749697406341 0.7811993517017828 0.6195965417867435 0.7520259319286872 0.6167146974063401 0.747163695299838 0.6239193083573487 0.7495948136142626 0.6311239193083573 0.7690437601296597 0.6282420749279539 0.8589951377633711 0.6527377521613833 1 0.7107000086455331 1 0.6751749697406341
3 0.4367909238249595 0.5634005763688761 0.44165316045380876 0.5576368876080692 0.4392220421393841 0.5331412103746398 0.43111831442463533 0.5187319884726225 0.2034035656401945 0.45244956772334294 0.2106969205834684 0.531700288184438 0.22123176661264182 0.5518731988472623 0.22204213938411668 0.5821325648414986 0.2260940032414911 0.5878962536023055 0.4367909238249595 0.5634005763688761
2 0 0.6357897622478386 0.006482982171799027 0.6368876080691642 0.041329011345218804 0.6570605187319885 0.050243111831442464 0.6556195965417867 0.05672609400324149 0.6440922190201729 0.05672609400324149 0.6368876080691642 0.06158833063209076 0.6340057636887608 0.07293354943273905 0.6556195965417867 0.08589951377633712 0.6527377521613833 0.10372771474878444 0.6296829971181557 0.11345218800648298 0.6095100864553314 0.12074554294975688 0.6066282420749279 0.12236628849270664 0.590778097982709 0.1280388978930308 0.5806916426512968 0.14829821717990274 0.5576368876080692 0.15721231766612642 0.5763688760806917 0.16045380875202594 0.6066282420749279 0.18152350081037277 0.6138328530259366 0.19043760129659643 0.6109510086455331 0.20502431118314424 0.6239193083573487 0.20907617504051865 0.6210374639769453 0.2106969205834684 0.6066282420749279 0.206645056726094 0.5504322766570605 0.2098865478119935 0.5144092219020173 0.20016207455429497 0.4495677233429395 0.20178282009724474 0.41930835734870314 0.21312803889789303 0.34870317002881845 0.24635332252836303 0.3069164265129683 0.2544570502431118 0.2680115273775216 0.2552674230145867 0.2334293948126801 0.24716369529983792 0.17579250720461095 0.23095623987034036 0.13688760806916425 0.21150729335494328 0.11671469740634005 0.1847649918962723 0.11095100864553314 0.17017828200972449 0.12247838616714697 0.15640194489465153 0.15129682997118155 0.14910858995137763 0.15706051873198848 0.12479740680713128 0.21757925072046108 0.12074554294975688 0.2507204610951009 0.11750405186385737 0.2564841498559078 0.1094003241491086 0.25504322766570603 0.09886547811993517 0.2420749279538905 0.07698541329011345 0.2334293948126801 0.04862236628849271 0.2377521613832853 0.012965964343598054 0.23054755043227665 0 0.23567082997118155 0 0.6357897622478386
4 0.05415055267423014 0 0.02025931928687196 0.12680115273775217 0.004862236628849271 0.20605187319884727 0 0.21716755907780977 0 0.22478386167146974 0.0008103727714748784 0.23054755043227665 0.05672609400324149 0.23487031700288186 0.07374392220421394 0.22910662824207492 0.11588330632090761 0.22910662824207492 0.16693679092382496 0.12680115273775217 0.18314424635332252 0.11239193083573487 0.20583468395461912 0.11527377521613832 0.23987034035656402 0.1340057636887608 0.2406807131280389 0.15994236311239193 0.2520259319286872 0.19596541786743515 0.2552674230145867 0.2665706051873199 0.2479740680713128 0.3025936599423631 0.233387358184765 0.3357348703170029 0.23500810372771475 0.3559077809798271 0.27228525121555913 0.39337175792507206 0.3557536466774716 0.430835734870317 0.4327390599675851 0.45677233429394815 0.4392220421393841 0.4423631123919308 0.440032414910859 0.3976945244956772 0.4165316045380875 0.24063400576368876 0.41491085899513774 0.17002881844380405 0.4173419773095624 0.16138328530259366 0.4246353322528363 0.23631123919308358 0.4327390599675851 0.2622478386167147 0.440032414910859 0.3285302593659942 0.44894651539708263 0.3760806916426513 0.4521880064829822 0.45677233429394815 0.46029173419773095 0.4755043227665706 0.4854132901134522 0.48703170028818443 0.506482982171799 0.5072046109510087 0.5510534846029174 0.5129682997118156 0.6053484602917342 0.5590778097982709 0.6280388978930308 0.5648414985590778 0.6434359805510534 0.5576368876080692 0.6661264181523501 0.5763688760806917 0.7293354943273906 0.5850144092219021 0.7455429497568882 0.5821325648414986 0.7609400324149108 0.5648414985590778 0.7747163695299838 0.5403458213256485 0.7917341977309562 0.5244956772334294 0.7974068071312804 0.5115273775216138 0.8022690437601296 0.5100864553314121 0.8038897893030794 0.5244956772334294 0.7941653160453809 0.5619596541786743 0.7811993517017828 0.5835734870317003 0.7844408427876823 0.5965417867435159 0.8824959481361426 0.6051873198847262 0.9092382495948136 0.5965417867435159 0.9440842787682334 0.5965417867435159 0.9570502431118314 0.5864553314121037 0.9651539708265803 0.5864553314121037 0.9708265802269044 0.5878962536023055 0.9821717990275527 0.6066282420749279 1 0.603831158501441 1 0 0.8424745834683955 0 0.853322528363047 0.0446685878962536 0.8565640194489466 0.07780979827089338 0.86709886547812 0.11239193083573487 0.8922204213938412 0.28530259365994237 0.8962722852512156 0.3530259365994236 0.8922204213938412 0.36743515850144093 0.8857374392220422 0.3688760806916426 0.8760129659643436 0.361671469740634 0.8589951377633711 0.2968299711815562 0.8508914100486223 0.2838616714697406 0.839546191247974 0.2420749279538905 0.807131280388979 0.16714697406340057 0.7965964343598055 0.12536023054755044 0.7747163695299838 0.1037463976945245 0.7293354943273906 0.012968299711815562 0.7200530429497568 0 0.05415055267423014 0
4 0 0 0 0.21757925072046108 0.007293354943273906 0.17435158501440923 0.012155591572123177 0.1628242074927954 0.017828200972447326 0.11671469740634005 0.05274319773095624 0 0 0
1 0.5672609400324149 0.5605187319884726 0.6166936790923825 0.5677233429394812 0.5591572123176661 0.521613832853026 0.5502431118314425 0.5086455331412104 0.5105348460291734 0.5057636887608069 0.49513776337115073 0.49711815561959655 0.4846029173419773 0.484149855907781 0.4554294975688817 0.47262247838616717 0.4505672609400324 0.4827089337175792 0.4505672609400324 0.5072046109510087 0.4521880064829822 0.5244956772334294 0.4554294975688817 0.5288184438040345 0.5672609400324149 0.5605187319884726
1 0.9991896272285251 0.6023054755043228 0.9748784440842788 0.6037463976945245 0.9651539708265803 0.5922190201729106 0.9448946515397083 0.5994236311239193 0.9027552674230146 0.5965417867435159 0.8857374392220422 0.6037463976945245 0.8638573743922204 0.6037463976945245 0.7852512155591572 0.5922190201729106 0.7698541329011345 0.5965417867435159 0.7560777957860616 0.6109510086455331 0.7925445705024311 0.6253602305475504 0.9991896272285251 0.6757925072046109 0.9991896272285251 0.6023054755043228
1 0.4343598055105348 0.5187319884726225 0.4367909238249595 0.5144092219020173 0.43841166936790926 0.46397694524495675 0.4351701782820097 0.45821325648414984 0.26823338735818475 0.38904899135446686 0.22852512155591573 0.3861671469740634 0.21474878444084278 0.3962536023054755 0.20502431118314424 0.43515850144092216 0.20583468395461912 0.44812680115273773 0.4189627228525122 0.5187319884726225 0.4343598055105348 0.5187319884726225
0 0.7176849173419774 0 0.7617504051863857 0.08069164265129683 0.7852512155591572 0.138328530259366 0.813614262560778 0.19164265129682997 0.8192868719611021 0.21757925072046108 0.8403565640194489 0.26368876080691644 0.846839546191248 0.2881844380403458 0.8541329011345219 0.2968299711815562 0.859805510534846 0.3242074927953891 0.8865478119935171 0.361671469740634 0.893030794165316 0.3631123919308357 0.8962722852512156 0.3184438040345821 0.8849270664505673 0.21613832853025935 0.8679092382495948 0.0936599423631124 0.8508072155591572 0 0.7176849173419774 0
0 1 0.6776052809798271 0.7585089141004863 0.6152737752161384 0.733387358184765 0.6195965417867435 0.7309562398703403 0.6095100864553314 0.7228525121555915 0.6037463976945245 0.6126418152350082 0.5706051873198847 0.553484602917342 0.5605187319884726 0.49108589951377635 0.5590778097982709 0.45948136142625606 0.5619596541786743 0.446515397082658 0.569164265129683 0.42706645056726095 0.5619596541786743 0.2325769854132901 0.5893371757925072 0.22042139384116693 0.5965417867435159 0.2179902755267423 0.6123919308357348 0.20907617504051865 0.6296829971181557 0.19692058346839547 0.6368876080691642 0.19448946515397084 0.6239193083573487 0.18719611021069693 0.6152737752161384 0.17017828200972449 0.6066282420749279 0.1547811993517018 0.6066282420749279 0.1272285251215559 0.6253602305475504 0.12074554294975688 0.6368876080691642 0.11912479740680713 0.6585014409221902 0.11507293354943274 0.6685878962536023 0.09562398703403566 0.6786743515850144 0.055105348460291734 0.6772334293948127 0.04781199351701783 0.6585014409221902 0.04051863857374392 0.6527377521613833 0 0.6357857262247839 0 1 1 1 1 0.6776052809798271