3 0.45948136142625606 0.5288184438040345 0.46434359805510533 0.547550432276657 0.5421393841166937 0.5432276657060519 0.4627228525121556 0.5172910662824207 0.45948136142625606 0.5288184438040345
3 1 0.6638534380403458 0.7860615883306321 0.6095100864553314 0.7568881685575365 0.6066282420749279 0.7520259319286872 0.6138328530259366 0.7544570502431118 0.6210374639769453 0.7739059967585089 0.6181556195965417 0.8638573743922204 0.6426512968299711 1 0.6986148559077809 1 0.6638534380403458
3 0.44165316045380876 0.553314121037464 0.446515397082658 0.547550432276657 0.44408427876823336 0.5230547550432276 0.4359805510534846 0.5086455331412104 0.20826580226904376 0.4423631123919308 0.21555915721231766 0.521613832853026 0.2260940032414911 0.5417867435158501 0.22690437601296595 0.5720461095100865 0.23095623987034036 0.5778097982708934 0.44165316045380876 0.553314121037464
2 0 0.624879923631124 0.011345218800648298 0.6268011527377522 0.046191247974068074 0.6469740634005764 0.055105348460291734 0.6455331412103746 0.06158833063209076 0.6340057636887608 0.06158833063209076 0.6268011527377522 0.06645056726094004 0.6239193083573487 0.07779578606158834 0.6455331412103746 0.09076175040518639 0.6426512968299711 0.1085899513776337 0.6195965417867435 0.11831442463533225 0.5994236311239193 0.12560777957860617 0.5965417867435159 0.1272285251215559 0.5806916426512968 0.13290113452188007 0.5706051873198847 0.15316045380875204 0.547550432276657 0.1620745542949757 0.5662824207492796 0.16531604538087522 0.5965417867435159 0.18638573743922204 0.6037463976945245 0.1952998379254457 0.600864553314121 0.2098865478119935 0.6138328530259366 0.21393841166936792 0.6109510086455331 0.21555915721231766 0.5965417867435159 0.21150729335494328 0.5403458213256485 0.21474878444084278 0.5043227665706052 0.20502431118314424 0.43948126801152737 0.206645056726094 0.4092219020172911 0.2179902755267423 0.33861671469740634 0.25121555915721233 0.2968299711815562 0.2593192868719611 0.2579250720461095 0.260129659643436 0.22334293948126802 0.2520259319286872 0.16570605187319884 0.23581847649918963 0.12680115273775217 0.21636952998379255 0.10662824207492795 0.18962722852512157 0.10086455331412104 0.17504051863857376 0.11239193083573487 0.1612641815235008 0.14121037463976946 0.1539708265802269 0.14697406340057637 0.12965964343598055 0.207492795389049 0.12560777957860617 0.24063400576368876 0.12236628849270664 0.24639769452449567 0.11426256077795786 0.24495677233429394 0.10372771474878444 0.23198847262247838 0.08184764991896272 0.22334293948126802 0.05348460291734198 0.2276657060518732 0.017828200972447326 0.22046109510086456 0.0032414910858995136 0.22622478386167147 0 0.24189481268011528 0 0.624879923631124
4 0.056316896272285255 0 0.025121555915721232 0.11671469740634005 0.009724473257698542 0.19596541786743515 0.004051863857374392 0.20893371757925072 0.005672609400324149 0.22046109510086456 0.06158833063209076 0.22478386167146974 0.07860615883306321 0.21902017291066284 0.12074554294975688 0.21902017291066284 0.17179902755267423 0.11671469740634005 0.1880064829821718 0.10230547550432277 0.2106969205834684 0.10518731988472622 0.24473257698541329 0.1239193083573487 0.24554294975688817 0.14985590778097982 0.2568881685575365 0.18587896253602307 0.260129659643436 0.2564841498559078 0.25283630470016205 0.29250720461095103 0.23824959481361427 0.3256484149855908 0.23987034035656402 0.345821325648415 0.2771474878444084 0.38328530259365995 0.3606158833063209 0.4207492795389049 0.4376012965964344 0.44668587896253603 0.44408427876823336 0.4322766570605187 0.44489465153970825 0.38760806916426516 0.4213938411669368 0.23054755043227665 0.419773095623987 0.15994236311239193 0.4222042139384117 0.15129682997118155 0.42949756888168555 0.22622478386167147 0.4376012965964344 0.2521613832853026 0.44489465153970825 0.3184438040345821 0.4538087520259319 0.3659942363112392 0.45705024311183146 0.44668587896253603 0.4651539708265802 0.4654178674351585 0.49027552674230146 0.4769452449567723 0.5113452188006483 0.49711815561959655 0.5559157212317666 0.5028818443804035 0.6102106969205835 0.5489913544668588 0.63290113452188 0.5547550432276657 0.6482982171799028 0.547550432276657 0.6709886547811994 0.5662824207492796 0.7341977309562399 0.5749279538904899 0.7504051863857374 0.5720461095100865 0.7658022690437601 0.5547550432276657 0.779578606158833 0.5302593659942363 0.7965964343598055 0.5144092219020173 0.8022690437601296 0.5014409221902018 0.807131280388979 0.5 0.8087520259319287 0.5144092219020173 0.7990275526742301 0.5518731988472623 0.7860615883306321 0.5734870317002881 0.7893030794165316 0.5864553314121037 0.8873581847649918 0.5951008645533141 0.9141004862236629 0.5864553314121037 0.9489465153970826 0.5864553314121037 0.9619124797406807 0.5763688760806917 0.9700162074554295 0.5763688760806917 0.9756888168557536 0.5778097982708934 0.9870340356564019 0.5965417867435159 1 0.5945075432276657 1 0 0.8497863565640195 0 0.8581847649918962 0.0345821325648415 0.8614262560777958 0.06772334293948126 0.8719611021069692 0.10230547550432277 0.8970826580226904 0.27521613832853026 0.9011345218800648 0.34293948126801155 0.8970826580226904 0.3573487031700288 0.8905996758508914 0.35878962536023057 0.8808752025931929 0.3515850144092219 0.8638573743922204 0.28674351585014407 0.8557536466774717 0.2737752161383285 0.8444084278768234 0.23198847262247838 0.8119935170178282 0.15706051873198848 0.8014586709886548 0.11527377521613832 0.779578606158833 0.0936599423631124 0.7341977309562399 0.002881844380403458 0.7321349635332254 0 0.056316896272285255 0
4 0 0 0 0.21410408501440922 0.004862236628849271 0.207492795389049 0.012155591572123177 0.1642651296829971 0.017017828200972446 0.15273775216138327 0.022690437601296597 0.10662824207492795 0.05458808914100486 0 0 0
1 0.5721231766612642 0.5504322766570605 0.6215559157212318 0.5576368876080692 0.5640194489465153 0.5115273775216138 0.5551053484602917 0.49855907780979825 0.5153970826580226 0.4956772334293948 0.5 0.48703170028818443 0.48946515397082657 0.47406340057636887 0.46029173419773095 0.46253602305475505 0.4554294975688817 0.47262247838616717 0.4554294975688817 0.49711815561959655 0.45705024311183146 0.5144092219020173 0.46029173419773095 0.5187319884726225 0.5721231766612642 0.5504322766570605
1 1 0.592459174351585 0.979740680713128 0.5936599423631124 0.9700162074554295 0.5821325648414986 0.9497568881685575 0.5893371757925072 0.9076175040518638 0.5864553314121037 0.8905996758508914 0.5936599423631124 0.8687196110210696 0.5936599423631124 0.7901134521880064 0.5821325648414986 0.7747163695299838 0.5864553314121037 0.7609400324149108 0.600864553314121 0.7974068071312804 0.6152737752161384 1 0.6647171829971181 1 0.592459174351585
1 0.4392220421393841 0.5086455331412104 0.44165316045380876 0.5043227665706052 0.44327390599675853 0.4538904899135447 0.440032414910859 0.44812680115273773 0.273095623987034 0.37896253602305474 0.233387358184765 0.3760806916426513 0.21961102106969205 0.3861671469740634 0.2098865478119935 0.4250720461095101 0.2106969205834684 0.43804034582132567 0.42382495948136145 0.5086455331412104 0.4392220421393841 0.5086455331412104
0 0.728055340356564 0 0.766612641815235 0.07060518731988473 0.7901134521880064 0.1282420749279539 0.8184764991896273 0.18155619596541786 0.8241491085899514 0.207492795389049 0.8452188006482982 0.25360230547550433 0.8517017828200972 0.2780979827089337 0.8589951377633711 0.28674351585014407 0.8646677471636953 0.31412103746397696 0.8914100486223663 0.3515850144092219 0.8978930307941653 0.3530259365994236 0.9011345218800648 0.30835734870317005 0.8897893030794165 0.20605187319884727 0.8727714748784441 0.08357348703170028 0.8575112082658022 0 0.728055340356564 0
0 1 0.6662638285302593 0.7633711507293355 0.6051873198847262 0.7382495948136143 0.6095100864553314 0.7358184764991896 0.5994236311239193 0.7277147487844409 0.5936599423631124 0.6175040518638574 0.5605187319884726 0.5583468395461912 0.5504322766570605 0.4959481361426256 0.5489913544668588 0.46434359805510533 0.5518731988472623 0.4513776337115073 0.5590778097982709 0.4319286871961102 0.5518731988472623 0.23743922204213938 0.579250720461095 0.2252836304700162 0.5864553314121037 0.22285251215559157 0.6023054755043228 0.21393841166936792 0.6195965417867435 0.20178282009724474 0.6268011527377522 0.1993517017828201 0.6138328530259366 0.1920583468395462 0.6051873198847262 0.17504051863857376 0.5965417867435159 0.15964343598055106 0.5965417867435159 0.13209076175040518 0.6152737752161384 0.12560777957860617 0.6268011527377522 0.1239870340356564 0.6484149855907781 0.11993517017828201 0.6585014409221902 0.10048622366288493 0.6685878962536023 0.059967585089141004 0.6671469740634006 0.0526742301458671 0.6484149855907781 0.04538087520259319 0.6426512968299711 0.004051863857374392 0.6253602305475504 0 0.6247052665706052 0 1 1 1 1 0.6662638285302593