3 0.44779771615008157 0.5594202898550724 0.4526916802610114 0.5782608695652174 0.5309951060358891 0.5739130434782609 0.45106035889070145 0.5478260869565217 0.44779771615008157 0.5594202898550724
3 1 0.6973084884057971 0.7765089722675367 0.6405797101449275 0.7471451876019576 0.6376811594202898 0.7422512234910277 0.644927536231884 0.7446982055464927 0.6521739130434783 0.7642740619902121 0.6492753623188405 0.8548123980424144 0.6739130434782609 1 0.733551504347826 1 0.6973084884057971
3 0.4298531810766721 0.5840579710144927 0.43474714518760194 0.5782608695652174 0.43230016313213704 0.553623188405797 0.42414355628058725 0.5391304347826087 0.19494290375203915 0.47246376811594204 0.20228384991843393 0.5521739130434783 0.2128874388254486 0.572463768115942 0.2137030995106036 0.6028985507246377 0.21778140293637846 0.6086956521739131 0.4298531810766721 0.5840579710144927
2 0 0.6598584434782608 0.03181076672104405 0.6782608695652174 0.040783034257748776 0.6768115942028986 0.04730831973898858 0.6652173913043479 0.04730831973898858 0.6579710144927536 0.052202283849918436 0.6550724637681159 0.0636215334420881 0.6768115942028986 0.0766721044045677 0.6739130434782609 0.09461663947797716 0.6507246376811594 0.10440456769983687 0.6304347826086957 0.11174551386623165 0.6275362318840579 0.1133768352365416 0.6115942028985507 0.11908646003262642 0.6014492753623188 0.13947797716150082 0.5782608695652174 0.14845024469820556 0.5971014492753624 0.15171288743882544 0.6275362318840579 0.1729200652528548 0.6347826086956522 0.18189233278955955 0.6318840579710145 0.1965742251223491 0.644927536231884 0.200652528548124 0.6420289855072464 0.20228384991843393 0.6275362318840579 0.19820554649265906 0.5710144927536231 0.20146818923327894 0.5347826086956522 0.19168026101141925 0.46956521739130436 0.1933115823817292 0.4391304347826087 0.20473083197389885 0.3681159420289855 0.23817292006525284 0.32608695652173914 0.2463295269168026 0.28695652173913044 0.24714518760195758 0.25217391304347825 0.23898858075040783 0.19420289855072465 0.2226753670473083 0.15507246376811595 0.2030995106035889 0.13478260869565217 0.1761827079934747 0.1289855072463768 0.16150081566068517 0.14057971014492754 0.14763458401305057 0.16956521739130434 0.1402936378466558 0.1753623188405797 0.11582381729200653 0.23623188405797102 0.11174551386623165 0.26956521739130435 0.10848287112561175 0.2753623188405797 0.100326264274062 0.27391304347826084 0.08972267536704731 0.2608695652173913 0.06769983686786298 0.25217391304347825 0.03915171288743882 0.2565217391304348 0.0032626427406199023 0.2492753623188406 0 0.25056360724637683 0 0.6598584434782608
4 0.049367660685154975 0 0.010603588907014683 0.14492753623188406 0 0.1994660565217391 0 0.24996849420289854 0.04730831973898858 0.2536231884057971 0.06443719412724307 0.24782608695652175 0.1068515497553018 0.24782608695652175 0.15823817292006526 0.14492753623188406 0.17455138662316477 0.13043478260869565 0.19738988580750408 0.13333333333333333 0.23164763458401305 0.15217391304347827 0.23246329526916804 0.1782608695652174 0.24388254486133767 0.2144927536231884 0.24714518760195758 0.2855072463768116 0.2398042414355628 0.3217391304347826 0.22512234910277323 0.35507246376811596 0.2267536704730832 0.3753623188405797 0.2642740619902121 0.41304347826086957 0.34828711256117456 0.45072463768115945 0.4257748776508972 0.47681159420289854 0.43230016313213704 0.4623188405797101 0.433115823817292 0.41739130434782606 0.4094616639477977 0.2594202898550725 0.4078303425774878 0.18840579710144928 0.4102773246329527 0.17971014492753623 0.4176182707993475 0.25507246376811593 0.4257748776508972 0.2811594202898551 0.433115823817292 0.34782608695652173 0.44208809135399674 0.39565217391304347 0.4453507340946166 0.47681159420289854 0.4535073409461664 0.4956521739130435 0.47879282218597063 0.5072463768115942 0.5 0.527536231884058 0.5448613376835236 0.5333333333333333 0.5995106035889071 0.5797101449275363 0.6223491027732463 0.5855072463768116 0.6378466557911908 0.5782608695652174 0.6606851549755302 0.5971014492753624 0.7243066884176182 0.6057971014492753 0.7406199021207178 0.6028985507246377 0.7561174551386624 0.5855072463768116 0.7699836867862969 0.5608695652173913 0.7871125611745514 0.5449275362318841 0.7928221859706363 0.5318840579710145 0.797716150081566 0.5304347826086957 0.799347471451876 0.5449275362318841 0.7895595432300163 0.5826086956521739 0.7765089722675367 0.6043478260869565 0.7797716150081566 0.6173913043478261 0.8784665579119086 0.6260869565217392 0.9053833605220228 0.6173913043478261 0.9404567699836868 0.6173913043478261 0.9535073409461664 0.6072463768115942 0.9616639477977161 0.6072463768115942 0.967373572593801 0.6086956521739131 0.9787928221859706 0.6275362318840579 1 0.6242114231884057 1 0 0.8339574371941273 0 0.8491027732463295 0.06231884057971015 0.8523654159869495 0.09565217391304348 0.8629690048939641 0.13043478260869565 0.8882544861337683 0.30434782608695654 0.8923327895595432 0.372463768115942 0.8882544861337683 0.3869565217391304 0.8817292006525286 0.3884057971014493 0.8719412724306689 0.38115942028985506 0.8548123980424144 0.3159420289855073 0.8466557911908646 0.30289855072463767 0.835236541598695 0.2608695652173913 0.802610114192496 0.1855072463768116 0.7920065252854812 0.14347826086956522 0.7699836867862969 0.12173913043478261 0.7243066884176182 0.030434782608695653 0.7128874388254486 0.014492753623188406 0.70843838091354 0 0.049367660685154975 0
4 0 0 0 0.18695652173913044 0.0024469820554649264 0.18115942028985507 0.008156606851549755 0.13478260869565217 0.04850577895595432 0 0 0
1 0.5611745513866232 0.5811594202898551 0.6109298531810766 0.5884057971014492 0.5530179445350734 0.5420289855072464 0.5440456769983687 0.5289855072463768 0.5040783034257749 0.5260869565217391 0.48858075040783033 0.5173913043478261 0.47797716150081565 0.5043478260869565 0.44861337683523655 0.4927536231884058 0.4437194127243067 0.5028985507246376 0.4437194127243067 0.527536231884058 0.4453507340946166 0.5449275362318841 0.44861337683523655 0.5492753623188406 0.5611745513866232 0.5811594202898551
1 0.9959216965742251 0.6231884057971014 0.9714518760195758 0.6246376811594203 0.9616639477977161 0.6130434782608696 0.9412724306688418 0.6202898550724638 0.8988580750407831 0.6173913043478261 0.8817292006525286 0.6246376811594203 0.8597063621533442 0.6246376811594203 0.7805872756933115 0.6130434782608696 0.765089722675367 0.6173913043478261 0.7512234910277324 0.6318840579710145 0.7879282218597063 0.6463768115942029 0.9959216965742251 0.6971014492753623 0.9959216965742251 0.6231884057971014
1 0.4274061990212072 0.5391304347826087 0.4298531810766721 0.5347826086956522 0.43148450244698205 0.48405797101449277 0.4282218597063622 0.4782608695652174 0.2601957585644372 0.40869565217391307 0.22022838499184338 0.4057971014492754 0.20636215334420882 0.41594202898550725 0.1965742251223491 0.45507246376811594 0.19738988580750408 0.4681159420289855 0.41190864600326266 0.5391304347826087 0.4274061990212072 0.5391304347826087
0 0.7030758678629689 0 0.7569331158238173 0.09855072463768116 0.7805872756933115 0.1565217391304348 0.8091353996737357 0.21014492753623187 0.8148450244698205 0.23623188405797102 0.8360522022838499 0.2826086956521739 0.8425774877650897 0.3072463768115942 0.8499184339314845 0.3159420289855073 0.8556280587275693 0.34347826086956523 0.8825448613376835 0.38115942028985506 0.8890701468189234 0.3826086956521739 0.8923327895595432 0.33768115942028987 0.8809135399673735 0.23478260869565218 0.863784665579119 0.11159420289855072 0.8433931484502447 0 0.7030758678629689 0
0 1 0.6997662463768116 0.7536704730831973 0.636231884057971 0.7283849918433931 0.6405797101449275 0.7259380097879282 0.6304347826086957 0.7177814029363785 0.6246376811594203 0.6068515497553018 0.591304347826087 0.5473083197389886 0.5811594202898551 0.48450244698205547 0.5797101449275363 0.4526916802610114 0.5826086956521739 0.4396411092985318 0.5898550724637681 0.4200652528548124 0.5826086956521739 0.22430668841761828 0.6101449275362318 0.21207177814029363 0.6173913043478261 0.2096247960848287 0.6333333333333333 0.200652528548124 0.6507246376811594 0.18841761827079934 0.6579710144927536 0.1859706362153344 0.644927536231884 0.17862969004893964 0.636231884057971 0.16150081566068517 0.6275362318840579 0.14600326264274063 0.6275362318840579 0.11827079934747145 0.6463768115942029 0.11174551386623165 0.6579710144927536 0.11011419249592169 0.6797101449275362 0.10603588907014681 0.6898550724637681 0.0864600326264274 0.7 0.04567699836867863 0.6985507246376812 0.03833605220228385 0.6797101449275362 0.03099510603588907 0.6739130434782609 0 0.6609548173913044 0 1 1 1 1 0.6997662463768116