3 1 0.8757062146892656 0.9978835978835979 0.8757062146892656 0.9444444444444444 0.8851224105461394 0.8174603174603174 0.8860640301318268 0.808994708994709 0.891713747645951 0.8015873015873016 0.9048964218455744 0.8015873015873016 0.9105461393596986 0.9111111111111111 0.9698681732580038 0.9624338624338624 0.9915254237288136 0.9738624338624338 1 1 1 1 0.8757062146892656
3 0.22218915343915344 1 0.23756613756613756 0.9858757062146892 0.28835978835978837 0.9529190207156308 0.3513227513227513 0.9209039548022598 0.4306878306878307 0.8898305084745762 0.5068783068783069 0.879472693032015 0.5164021164021164 0.871939736346516 0.5148148148148148 0.8418079096045198 0.5079365079365079 0.827683615819209 0.49947089947089945 0.8229755178907722 0.46984126984126984 0.8182674199623352 0.4455026455026455 0.7994350282485876 0.3486772486772487 0.7580037664783428 0.23015873015873015 0.6930320150659134 0.09470899470899471 0.5998116760828626 0 0.5164332655367232 0 1 0.22218915343915344 1
0 0.40921917566137567 0 0.4052910052910053 0.046139359698681735 0.40634920634920635 0.18361581920903955 0.40370370370370373 0.3041431261770245 0.4052910052910053 0.3681732580037665 0.41798941798941797 0.5734463276836158 0.43227513227513226 0.6779661016949152 0.4343915343915344 0.7212806026365348 0.44074074074074077 0.7542372881355932 0.44126984126984126 0.7702448210922788 0.4455026455026455 0.7843691148775894 0.4587301587301587 0.8116760828625236 0.4703703703703704 0.82015065913371 0.4740740740740741 0.8182674199623352 0.4804232804232804 0.8050847457627118 0.4873015873015873 0.7693032015065914 0.48624338624338626 0.7391713747645952 0.48994708994708996 0.7080979284369114 0.4894179894179894 0.664783427495292 0.49153439153439155 0.6242937853107344 0.4846560846560847 0.588512241054614 0.4835978835978836 0.5706214689265536 0.48624338624338626 0.5612052730696798 0.49682539682539684 0.5630885122410546 0.5052910052910053 0.5894538606403014 0.5026455026455027 0.632768361581921 0.5074074074074074 0.6779661016949152 0.5116402116402117 0.696798493408663 0.5079365079365079 0.7608286252354048 0.5116402116402117 0.7853107344632768 0.5126984126984127 0.8116760828625236 0.5169312169312169 0.832391713747646 0.5185185185185185 0.8700564971751412 0.5169312169312169 0.8747645951035782 0.5100529100529101 0.879472693032015 0.48412698412698413 0.879472693032015 0.46455026455026455 0.8870056497175142 0.4264550264550265 0.8935969868173258 0.3306878306878307 0.9322033898305084 0.2814814814814815 0.9585687382297552 0.22457377989417987 1 0.9758241756613757 1 0.9587301587301588 0.9887005649717514 0.8449735449735449 0.9340866290018832 0.7582010582010582 0.8973634651600754 0.7174603174603175 0.8851224105461394 0.665079365079365 0.8851224105461394 0.5767195767195767 0.896421845574388 0.5703703703703704 0.8945386064030132 0.5650793650793651 0.8870056497175142 0.5645502645502646 0.8531073446327684 0.5571428571428572 0.807909604519774 0.571957671957672 0.795668549905838 0.5788359788359788 0.783427495291902 0.5761904761904761 0.7250470809792844 0.5740740740740741 0.704331450094162 0.5661375661375662 0.67984934086629 0.5656084656084656 0.6337099811676082 0.5608465608465608 0.5856873822975518 0.5582010582010583 0.5743879472693032 0.5465608465608466 0.5508474576271186 0.5439153439153439 0.536723163841808 0.5444444444444444 0.4783427495291902 0.5333333333333333 0.4001883239171375 0.5291005291005291 0.32015065913371 0.5190476190476191 0.23163841807909605 0.5137566137566137 0.1384180790960452 0.5063492063492063 0.0903954802259887 0.49773242645502647 0 0.40921917566137567 0
2 0.7470899470899471 0.8041431261770244 0.7412698412698413 0.7966101694915254 0.7291005291005291 0.8013182674199624 0.7185185185185186 0.7947269303201506 0.6994708994708995 0.800376647834275 0.6761904761904762 0.8145009416195856 0.635978835978836 0.815442561205273 0.6185185185185185 0.8286252354048964 0.6021164021164022 0.847457627118644 0.5582010582010583 0.8822975517890772 0.48518518518518516 0.8785310734463276 0.517989417989418 0.916195856873823 0.5555555555555556 0.9048964218455744 0.5582010582010583 0.9048964218455744 0.5804232804232804 0.8879472693032016 0.6010582010582011 0.8832391713747646 0.6238095238095238 0.8860640301318268 0.6328042328042328 0.879472693032015 0.644973544973545 0.879472693032015 0.6518518518518519 0.8832391713747646 0.71005291005291 0.8888888888888888 0.7894179894179895 0.916195856873823 0.7978835978835979 0.9152542372881356 0.8031746031746032 0.9067796610169492 0.8052910052910053 0.896421845574388 0.8063492063492064 0.8691148775894538 0.8142857142857143 0.8615819209039548 0.819047619047619 0.8502824858757062 0.8201058201058201 0.8342749529190208 0.8275132275132275 0.7994350282485876 0.8291005291005291 0.7777777777777778 0.8243386243386244 0.7655367231638418 0.819047619047619 0.7645951035781544 0.8137566137566138 0.7768361581920904 0.8074074074074075 0.7796610169491526 0.8037037037037037 0.7598870056497176 0.8037037037037037 0.716572504708098 0.7814814814814814 0.7184557438794726 0.774074074074074 0.7467043314500942 0.7751322751322751 0.7448210922787194 0.771957671957672 0.7523540489642184 0.7746031746031746 0.7909604519774012 0.7708994708994709 0.7975517890772128 0.7470899470899471 0.8041431261770244
4 0 0 0 0.491178511299435 0.007407407407407408 0.4981167608286252 0.020105820105820106 0.5207156308851224 0.05238095238095238 0.5470809792843692 0.12486772486772486 0.5875706214689266 0.17407407407407408 0.6299435028248588 0.2275132275132275 0.6629001883239172 0.2396825396825397 0.6751412429378532 0.2677248677248677 0.6817325800376648 0.31534391534391537 0.7080979284369114 0.33174603174603173 0.7090395480225988 0.37883597883597886 0.7325800376647834 0.40264550264550264 0.7306967984934086 0.4201058201058201 0.7401129943502824 0.43386243386243384 0.7410546139359698 0.4365079365079365 0.7297551789077212 0.4365079365079365 0.7062146892655368 0.41904761904761906 0.5753295668549906 0.41005291005291006 0.4256120527306968 0.4058201058201058 0.3145009416195857 0.40476190476190477 0.06685499058380415 0.4074074074074074 0.003766478342749529 0.4079113126984127 0 0 0
4 0.49206349206349204 0 0.49947089947089945 0.0423728813559322 0.5121693121693122 0.1647834274952919 0.5164021164021164 0.2344632768361582 0.5222222222222223 0.2806026365348399 0.5285714285714286 0.4096045197740113 0.5402116402116403 0.4839924670433145 0.5417989417989418 0.5386064030131826 0.5444444444444444 0.5508474576271186 0.555026455026455 0.5734463276836158 0.5576719576719577 0.5866290018832392 0.5656084656084656 0.6760828625235404 0.573015873015873 0.7062146892655368 0.5777777777777777 0.7702448210922788 0.5830687830687831 0.7843691148775894 0.5894179894179894 0.788135593220339 0.6010582010582011 0.788135593220339 0.6137566137566137 0.78060263653484 0.6354497354497355 0.7947269303201506 0.6544973544973545 0.7909604519774012 0.6783068783068783 0.7947269303201506 0.692063492063492 0.7871939736346516 0.7687830687830688 0.7975517890772128 0.7735449735449735 0.7937853107344632 0.7767195767195767 0.7853107344632768 0.7761904761904762 0.7542372881355932 0.780952380952381 0.731638418079096 0.7888888888888889 0.7212806026365348 0.7957671957671958 0.7203389830508474 0.8037037037037037 0.7288135593220338 0.8052910052910053 0.7504708097928436 0.8105820105820106 0.7645951035781544 0.8158730158730159 0.7693032015065914 0.8275132275132275 0.7693032015065914 0.8312169312169312 0.7730696798493408 0.8322751322751323 0.7966101694915254 0.8386243386243386 0.8173258003766478 0.843915343915344 0.8248587570621468 0.8941798941798942 0.82015065913371 0.9201058201058201 0.8097928436911488 1 0.7998729905838041 1 0 0.49206349206349204 0
4 0.49523809523809526 0.756120527306968 0.49947089947089945 0.7598870056497176 0.5063492063492063 0.7457627118644068 0.5063492063492063 0.731638418079096 0.49894179894179896 0.672316384180791 0.4962962962962963 0.6685499058380414 0.48783068783068784 0.7071563088512242 0.48412698412698413 0.7372881355932204 0.48624338624338626 0.7504708097928436 0.48994708994708996 0.7570621468926554 0.49523809523809526 0.756120527306968
1 0.49682539682539684 0.82015065913371 0.5142857142857142 0.8192090395480226 0.5174603174603175 0.807909604519774 0.5142857142857142 0.7853107344632768 0.5 0.7645951035781544 0.4931216931216931 0.7627118644067796 0.4830687830687831 0.7645951035781544 0.47195767195767196 0.78060263653484 0.4687830687830688 0.8060263653483992 0.47619047619047616 0.812617702448211 0.49682539682539684 0.82015065913371
1 0 0.5227633700564972 0.08306878306878307 0.591337099811676 0.18306878306878308 0.6629001883239172 0.24973544973544973 0.7052730696798494 0.3148148148148148 0.7410546139359698 0.42962962962962964 0.7928436911487758 0.44232804232804235 0.795668549905838 0.4507936507936508 0.7928436911487758 0.4492063492063492 0.78060263653484 0.4396825396825397 0.7570621468926554 0.4354497354497355 0.7495291902071564 0.42063492063492064 0.7372881355932204 0.3962962962962963 0.7269303201506592 0.37883597883597886 0.7306967984934086 0.32857142857142857 0.7090395480225988 0.3142857142857143 0.7071563088512242 0.2687830687830688 0.6836158192090396 0.24232804232804234 0.6741996233521658 0.22433862433862434 0.6591337099811676 0.17566137566137566 0.6290018832391714 0.14708994708994708 0.60075329566855 0.12751322751322752 0.5866290018832392 0.054497354497354496 0.5461393596986818 0.021693121693121695 0.5160075329566854 0.009523809523809525 0.4962335216572505 0 0.4912115508474576 0 0.5227633700564972
1 1 0.8070535866290018 0.9878306878306878 0.8050847457627118 0.9740740740740741 0.8060263653483992 0.9661375661375662 0.8107344632768362 0.9492063492063492 0.8107344632768362 0.9444444444444444 0.8135593220338984 0.9423280423280423 0.8210922787193974 0.9365079365079365 0.8239171374764596 0.9079365079365079 0.8258003766478342 0.9026455026455027 0.8314500941619586 0.9010582010582011 0.8436911487758946 0.8931216931216931 0.8427495291902072 0.8894179894179894 0.8370998116760828 0.8825396825396825 0.8427495291902072 0.8671957671957672 0.8370998116760828 0.8497354497354498 0.8380414312617702 0.8465608465608465 0.8418079096045198 0.8417989417989418 0.8578154425612052 0.8417989417989418 0.8662900188323918 0.8449735449735449 0.876647834274953 0.8502645502645503 0.879472693032015 0.8867724867724868 0.8709981167608286 0.8989417989417989 0.8747645951035782 0.9047619047619048 0.8822975517890772 0.9137566137566138 0.879472693032015 0.9174603174603174 0.8832391713747646 0.9333333333333333 0.8851224105461394 0.9862433862433863 0.876647834274953 1 0.876647834274953 1 0.8070535866290018
1 0.562962962962963 0.8502824858757062 0.5761904761904761 0.8531073446327684 0.5989417989417989 0.8465160075329566 0.6142857142857143 0.8333333333333334 0.6328042328042328 0.8088512241054614 0.6248677248677249 0.7900188323917138 0.6174603174603175 0.7824858757062146 0.6095238095238096 0.7815442561205274 0.6005291005291006 0.7862523540489642 0.573015873015873 0.7749529190207156 0.5619047619047619 0.7909604519774012 0.5518518518518518 0.7984934086629002 0.5497354497354497 0.8041431261770244 0.5582010582010583 0.8418079096045198 0.562962962962963 0.8502824858757062