3 1 0.9035785288270378 0.993854748603352 0.9035785288270378 0.9374301675977653 0.9135188866799204 0.8033519553072626 0.9145129224652088 0.794413407821229 0.9204771371769384 0.7865921787709497 0.9343936381709742 0.7865921787709497 0.9403578528827038 0.8967278530726257 1 1 1 1 0.9035785288270378
3 0.22170790111731845 1 0.2446927374301676 0.9850894632206759 0.3111731843575419 0.9512922465208747 0.39497206703910615 0.9184890656063618 0.47541899441340785 0.9075546719681908 0.48547486033519555 0.8996023856858847 0.48379888268156424 0.8677932405566601 0.47653631284916204 0.852882703777336 0.46759776536312847 0.8479125248508946 0.4363128491620112 0.8429423459244533 0.4106145251396648 0.8230616302186878 0.30837988826815643 0.7793240556660039 0.18324022346368715 0.7107355864811133 0.04022346368715084 0.6123260437375746 0 0.5769214502982107 0 1 0.22170790111731845 1
0 0.3705264938547486 0 0.36815642458100556 0.027833001988071572 0.3692737430167598 0.17296222664015903 0.3664804469273743 0.30019880715705766 0.36815642458100556 0.36779324055666 0.3815642458100559 0.584493041749503 0.39664804469273746 0.694831013916501 0.39888268156424583 0.7405566600397614 0.40558659217877097 0.7753479125248509 0.40614525139664803 0.7922465208747514 0.4106145251396648 0.8071570576540755 0.4245810055865922 0.8359840954274353 0.43687150837988825 0.8449304174950298 0.44078212290502794 0.8429423459244533 0.4474860335195531 0.8290258449304175 0.4547486033519553 0.7912524850894632 0.45363128491620114 0.7594433399602386 0.45754189944134077 0.7266401590457257 0.4569832402234637 0.6809145129224652 0.4592178770949721 0.6381709741550696 0.4519553072625698 0.6003976143141153 0.45083798882681564 0.5815109343936382 0.45363128491620114 0.5715705765407555 0.464804469273743 0.5735586481113321 0.47374301675977654 0.6013916500994035 0.47094972067039104 0.647117296222664 0.4759776536312849 0.694831013916501 0.48044692737430167 0.7147117296222664 0.47653631284916204 0.7823061630218688 0.48044692737430167 0.8081510934393639 0.48156424581005586 0.8359840954274353 0.4860335195530726 0.8578528827037774 0.4877094972067039 0.8976143141153081 0.4860335195530726 0.9025844930417495 0.4787709497206704 0.9075546719681908 0.45139664804469276 0.9075546719681908 0.43072625698324024 0.915506958250497 0.3905027932960894 0.9224652087475149 0.28938547486033517 0.963220675944334 0.23743016759776536 0.9910536779324056 0.22513966480446929 1 0.9048834519553073 1 0.8324022346368715 0.9652087475149106 0.740782122905028 0.9264413518886679 0.6977653631284916 0.9135188866799204 0.6424581005586593 0.9135188866799204 0.5491620111731843 0.9254473161033797 0.5424581005586592 0.9234592445328031 0.5368715083798883 0.915506958250497 0.5363128491620112 0.8797216699801192 0.5284916201117319 0.8320079522862823 0.5441340782122905 0.8190854870775348 0.5513966480446927 0.8061630218687873 0.5486033519553073 0.7445328031809145 0.5463687150837989 0.7226640159045725 0.5379888268156424 0.6968190854870775 0.5374301675977654 0.6481113320079522 0.5324022346368715 0.5974155069582505 0.529608938547486 0.5854870775347912 0.5173184357541899 0.5606361829025845 0.5145251396648045 0.5457256461232605 0.5150837988826815 0.4840954274353877 0.5033519553072626 0.40159045725646125 0.4988826815642458 0.31709741550695825 0.488268156424581 0.22365805168986083 0.48268156424581005 0.12524850894632206 0.4748603351955307 0.07455268389662027 0.4677523944134078 0 0.3705264938547486 0
2 0.729050279329609 0.8280318091451292 0.7229050279329609 0.820079522862823 0.7100558659217877 0.8250497017892644 0.6988826815642458 0.8180914512922465 0.6787709497206704 0.8240556660039762 0.6541899441340782 0.8389662027833003 0.611731843575419 0.8399602385685885 0.5932960893854748 0.8538767395626242 0.575977653631285 0.8737574552683897 0.529608938547486 0.9105367793240556 0.45251396648044695 0.9065606361829026 0.4871508379888268 0.9463220675944334 0.5268156424581005 0.9343936381709742 0.529608938547486 0.9343936381709742 0.553072625698324 0.9165009940357853 0.5748603351955307 0.911530815109344 0.5988826815642458 0.9145129224652088 0.6083798882681565 0.9075546719681908 0.6212290502793296 0.9075546719681908 0.6284916201117319 0.911530815109344 0.6899441340782123 0.9174950298210736 0.7737430167597765 0.9463220675944334 0.78268156424581 0.9453280318091452 0.788268156424581 0.9363817097415507 0.7905027932960894 0.9254473161033797 0.7916201117318435 0.8966202783300199 0.8 0.8886679920477137 0.8050279329608938 0.8767395626242545 0.806145251396648 0.8598409542743539 0.8139664804469273 0.8230616302186878 0.8156424581005587 0.8001988071570576 0.8106145251396648 0.7872763419483101 0.8050279329608938 0.7862823061630219 0.7994413407821229 0.7992047713717694 0.7927374301675978 0.8021868787276342 0.788826815642458 0.7813121272365805 0.788826815642458 0.73558648111332 0.7653631284916201 0.7375745526838966 0.7575418994413408 0.7673956262425448 0.758659217877095 0.7654075546719682 0.7553072625698324 0.7733598409542743 0.7581005586592179 0.8141153081510935 0.7541899441340782 0.8210735586481114 0.729050279329609 0.8280318091451292
4 0 0 0 0.5591560129224652 0.07206703910614524 0.5994035785288271 0.12402234636871508 0.6441351888667992 0.18044692737430168 0.6789264413518886 0.19329608938547485 0.6918489065606361 0.22290502793296088 0.6988071570576541 0.27318435754189946 0.7266401590457257 0.2905027932960894 0.7276341948310139 0.34022346368715084 0.7524850894632207 0.3653631284916201 0.7504970178926441 0.38379888268156426 0.7604373757455268 0.3983240223463687 0.7614314115308151 0.4011173184357542 0.7495029821073559 0.4011173184357542 0.7246520874751491 0.38268156424581007 0.5864811133200796 0.37318435754189944 0.4284294234592445 0.3687150837988827 0.3111332007952286 0.3675977653631285 0.04970178926441352 0.36968231452513967 0 0 0
4 0.4634264430167598 0 0.46759776536312847 0.02385685884691849 0.4810055865921788 0.15308151093439365 0.48547486033519555 0.22664015904572565 0.49162011173184356 0.2753479125248509 0.4983240223463687 0.4115308151093439 0.5106145251396648 0.4900596421471173 0.5122905027932961 0.547713717693837 0.5150837988826815 0.5606361829025845 0.5262569832402234 0.584493041749503 0.5290502793296089 0.5984095427435387 0.5374301675977654 0.6928429423459245 0.5452513966480447 0.7246520874751491 0.5502793296089385 0.7922465208747514 0.5558659217877095 0.8071570576540755 0.5625698324022347 0.8111332007952287 0.5748603351955307 0.8111332007952287 0.588268156424581 0.8031809145129225 0.6111731843575419 0.8180914512922465 0.6312849162011173 0.8141153081510935 0.6564245810055865 0.8180914512922465 0.670949720670391 0.8101391650099403 0.7519553072625699 0.8210735586481114 0.7569832402234636 0.8170974155069582 0.7603351955307263 0.8081510934393639 0.7597765363128491 0.7753479125248509 0.764804469273743 0.7514910536779325 0.7731843575418994 0.7405566600397614 0.7804469273743017 0.7395626242544732 0.788826815642458 0.7485089463220675 0.7905027932960894 0.7713717693836978 0.7960893854748603 0.7862823061630219 0.8016759776536313 0.7912524850894632 0.8139664804469273 0.7912524850894632 0.8178770949720671 0.7952286282306164 0.8189944134078212 0.820079522862823 0.8256983240223463 0.841948310139165 0.8312849162011173 0.8499005964214712 0.8843575418994414 0.8449304174950298 0.911731843575419 0.8339960238568589 1 0.8230385129224652 1 0 0.4634264430167598 0
4 0.4631284916201117 0.7773359840954275 0.46759776536312847 0.7813121272365805 0.4748603351955307 0.7664015904572564 0.4748603351955307 0.7514910536779325 0.4670391061452514 0.6888667992047713 0.4642458100558659 0.6848906560636183 0.4553072625698324 0.7256461232604374 0.45139664804469276 0.757455268389662 0.45363128491620114 0.7713717693836978 0.45754189944134077 0.7783300198807157 0.4631284916201117 0.7773359840954275
1 0.464804469273743 0.8449304174950298 0.48324022346368717 0.8439363817097415 0.48659217877094973 0.8320079522862823 0.48324022346368717 0.8081510934393639 0.4681564245810056 0.7862823061630219 0.46089385474860334 0.7842942345924453 0.45027932960893857 0.7862823061630219 0.43854748603351956 0.8031809145129225 0.435195530726257 0.8300198807157058 0.4430167597765363 0.8369781312127237 0.464804469273743 0.8449304174950298
1 0 0.580325277335984 0.027932960893854747 0.6033797216699801 0.1335195530726257 0.6789264413518886 0.20391061452513967 0.7236580516898609 0.27262569832402234 0.7614314115308151 0.39385474860335196 0.81610337972167 0.4072625698324022 0.8190854870775348 0.41620111731843573 0.81610337972167 0.4145251396648045 0.8031809145129225 0.4044692737430168 0.7783300198807157 0.4 0.7703777335984096 0.3843575418994413 0.757455268389662 0.358659217877095 0.7465208747514911 0.34022346368715084 0.7504970178926441 0.2871508379888268 0.7276341948310139 0.27206703910614527 0.7256461232604374 0.2240223463687151 0.7007952286282306 0.19608938547486032 0.6908548707753479 0.1770949720670391 0.6749502982107356 0.12569832402234637 0.643141153081511 0.09553072625698324 0.6133200795228628 0.07486033519553073 0.5984095427435387 0 0.5569049473161034 0 0.580325277335984
1 1 0.831736851888668 0.9832402234636871 0.8290258449304175 0.9687150837988827 0.8300198807157058 0.9603351955307262 0.8349900596421471 0.9424581005586592 0.8349900596421471 0.9374301675977653 0.8379721669980119 0.9351955307262569 0.8459244532803181 0.9290502793296089 0.8489065606361829 0.8988826815642458 0.8508946322067594 0.8932960893854749 0.856858846918489 0.8916201117318435 0.8697813121272365 0.8832402234636871 0.8687872763419483 0.8793296089385475 0.8628230616302187 0.8720670391061452 0.8687872763419483 0.8558659217877095 0.8628230616302187 0.8374301675977653 0.8638170974155069 0.8340782122905028 0.8677932405566601 0.829050279329609 0.8846918489065606 0.829050279329609 0.8936381709741551 0.8324022346368715 0.904572564612326 0.8379888268156425 0.9075546719681908 0.876536312849162 0.8986083499005965 0.8893854748603351 0.9025844930417495 0.8955307262569833 0.9105367793240556 0.9050279329608939 0.9075546719681908 0.9089385474860335 0.911530815109344 0.9256983240223464 0.9135188866799204 0.9815642458100559 0.904572564612326 1 0.904572564612326 1 0.831736851888668
1 0.5346368715083799 0.8767395626242545 0.5486033519553073 0.8797216699801192 0.5726256983240223 0.8727634194831014 0.5888268156424581 0.8588469184890656 0.6083798882681565 0.8330019880715706 0.6 0.8131212723658051 0.5921787709497207 0.805168986083499 0.5837988826815642 0.8041749502982107 0.5743016759776536 0.8091451292246521 0.5452513966480447 0.7972166998011928 0.5335195530726257 0.8141153081510935 0.5229050279329609 0.8220675944333996 0.5206703910614525 0.8280318091451292 0.529608938547486 0.8677932405566601 0.5346368715083799 0.8767395626242545