3 1 0.8720703125 0.9983516483516484 0.8720703125 0.9428571428571428 0.8818359375 0.810989010989011 0.8828125 0.8021978021978022 0.888671875 0.7945054945054945 0.90234375 0.7945054945054945 0.908203125 0.9082417582417582 0.9697265625 0.9615384615384616 0.9921875 0.9720879120879121 1 1 1 1 0.8720703125
3 0.19388736263736264 1 0.2087912087912088 0.986328125 0.26153846153846155 0.9521484375 0.3269230769230769 0.9189453125 0.40934065934065933 0.88671875 0.48846153846153845 0.8759765625 0.49835164835164836 0.8681640625 0.4967032967032967 0.8369140625 0.48956043956043954 0.822265625 0.4807692307692308 0.8173828125 0.45 0.8125 0.4247252747252747 0.79296875 0.3241758241758242 0.75 0.2010989010989011 0.6826171875 0.06043956043956044 0.5859375 0 0.532797955078125 0 1 0.19388736263736264 1
0 0.38396603406593405 0 0.382967032967033 0.01171875 0.3840659340659341 0.154296875 0.3813186813186813 0.279296875 0.382967032967033 0.345703125 0.39615384615384613 0.55859375 0.41098901098901097 0.6669921875 0.41318681318681316 0.7119140625 0.4197802197802198 0.74609375 0.42032967032967034 0.7626953125 0.4247252747252747 0.77734375 0.43846153846153846 0.8056640625 0.45054945054945056 0.814453125 0.4543956043956044 0.8125 0.460989010989011 0.798828125 0.46813186813186813 0.76171875 0.46703296703296704 0.73046875 0.47087912087912087 0.6982421875 0.4703296703296703 0.6533203125 0.4725274725274725 0.611328125 0.4653846153846154 0.57421875 0.4642857142857143 0.5556640625 0.46703296703296704 0.5458984375 0.47802197802197804 0.5478515625 0.4868131868131868 0.5751953125 0.48406593406593407 0.6201171875 0.489010989010989 0.6669921875 0.49340659340659343 0.6865234375 0.48956043956043954 0.7529296875 0.49340659340659343 0.7783203125 0.4945054945054945 0.8056640625 0.4989010989010989 0.8271484375 0.5005494505494505 0.8662109375 0.4989010989010989 0.87109375 0.49175824175824173 0.8759765625 0.46483516483516485 0.8759765625 0.4445054945054945 0.8837890625 0.40494505494505495 0.890625 0.3054945054945055 0.9306640625 0.2543956043956044 0.9580078125 0.19664224670329672 1 0.9739644972527473 1 0.9576923076923077 0.9892578125 0.8395604395604396 0.9326171875 0.7494505494505495 0.89453125 0.7071428571428572 0.8818359375 0.6527472527472528 0.8818359375 0.560989010989011 0.8935546875 0.5543956043956044 0.8916015625 0.548901098901099 0.8837890625 0.5483516483516484 0.8486328125 0.5406593406593406 0.8017578125 0.5560439560439561 0.7890625 0.5631868131868132 0.7763671875 0.5604395604395604 0.7158203125 0.5582417582417583 0.6943359375 0.55 0.6689453125 0.5494505494505495 0.62109375 0.5445054945054945 0.5712890625 0.5417582417582417 0.5595703125 0.5296703296703297 0.53515625 0.5269230769230769 0.5205078125 0.5274725274725275 0.4599609375 0.515934065934066 0.37890625 0.5115384615384615 0.2958984375 0.5010989010989011 0.2041015625 0.4956043956043956 0.107421875 0.4879120879120879 0.0576171875 0.4824126763736264 0 0.38396603406593405 0
2 0.737912087912088 0.7978515625 0.7318681318681318 0.7900390625 0.7192307692307692 0.794921875 0.7082417582417583 0.7880859375 0.6884615384615385 0.7939453125 0.6642857142857143 0.80859375 0.6225274725274725 0.8095703125 0.6043956043956044 0.8232421875 0.5873626373626374 0.8427734375 0.5417582417582417 0.87890625 0.46593406593406594 0.875 0.5 0.9140625 0.539010989010989 0.90234375 0.5417582417582417 0.90234375 0.5648351648351648 0.884765625 0.5862637362637363 0.8798828125 0.6098901098901099 0.8828125 0.6192307692307693 0.8759765625 0.6318681318681318 0.8759765625 0.639010989010989 0.8798828125 0.6994505494505494 0.8857421875 0.7818681318681319 0.9140625 0.7906593406593406 0.9130859375 0.7961538461538461 0.904296875 0.7983516483516484 0.8935546875 0.7994505494505495 0.865234375 0.8076923076923077 0.857421875 0.8126373626373626 0.845703125 0.8137362637362637 0.8291015625 0.8214285714285714 0.79296875 0.823076923076923 0.7705078125 0.8181318681318681 0.7578125 0.8126373626373626 0.7568359375 0.8071428571428572 0.76953125 0.8005494505494506 0.7724609375 0.7967032967032966 0.751953125 0.7967032967032966 0.70703125 0.7736263736263737 0.708984375 0.765934065934066 0.73828125 0.7670329670329671 0.736328125 0.7637362637362637 0.744140625 0.7664835164835165 0.7841796875 0.7626373626373626 0.791015625 0.737912087912088 0.7978515625
4 0 0 0 0.51780225390625 0.016483516483516484 0.53125 0.09175824175824175 0.5732421875 0.14285714285714285 0.6171875 0.19835164835164834 0.6513671875 0.210989010989011 0.6640625 0.24010989010989012 0.6708984375 0.2895604395604396 0.6982421875 0.3065934065934066 0.69921875 0.3554945054945055 0.7236328125 0.3802197802197802 0.7216796875 0.3983516483516483 0.7314453125 0.4126373626373626 0.732421875 0.4153846153846154 0.720703125 0.4153846153846154 0.6962890625 0.39725274725274723 0.560546875 0.3879120879120879 0.4052734375 0.38351648351648354 0.2900390625 0.3824175824175824 0.033203125 0.38381171043956047 0 0 0
4 0.47940170934065934 0 0.4807692307692308 0.0078125 0.493956043956044 0.134765625 0.49835164835164836 0.20703125 0.5043956043956044 0.2548828125 0.510989010989011 0.388671875 0.5230769230769231 0.4658203125 0.5247252747252747 0.5224609375 0.5274725274725275 0.53515625 0.5384615384615384 0.55859375 0.5412087912087912 0.572265625 0.5494505494505495 0.6650390625 0.5571428571428572 0.6962890625 0.5620879120879121 0.7626953125 0.5675824175824176 0.77734375 0.5741758241758241 0.78125 0.5862637362637363 0.78125 0.5994505494505494 0.7734375 0.621978021978022 0.7880859375 0.6417582417582418 0.7841796875 0.6664835164835164 0.7880859375 0.6807692307692308 0.7802734375 0.7604395604395604 0.791015625 0.7653846153846153 0.787109375 0.7686813186813187 0.7783203125 0.7681318681318682 0.74609375 0.7730769230769231 0.72265625 0.7813186813186813 0.7119140625 0.7884615384615384 0.7109375 0.7967032967032966 0.7197265625 0.7983516483516484 0.7421875 0.8038461538461539 0.7568359375 0.8093406593406594 0.76171875 0.8214285714285714 0.76171875 0.8252747252747252 0.765625 0.8263736263736263 0.7900390625 0.832967032967033 0.8115234375 0.8384615384615385 0.8193359375 0.8906593406593407 0.814453125 0.9175824175824175 0.8037109375 1 0.79349109765625 1 0 0.47940170934065934 0
4 0.47637362637362635 0.748046875 0.4807692307692308 0.751953125 0.4879120879120879 0.7373046875 0.4879120879120879 0.72265625 0.48021978021978023 0.6611328125 0.4774725274725275 0.6572265625 0.4686813186813187 0.697265625 0.46483516483516485 0.728515625 0.46703296703296704 0.7421875 0.47087912087912087 0.7490234375 0.47637362637362635 0.748046875
1 0.47802197802197804 0.814453125 0.49615384615384617 0.8134765625 0.49945054945054945 0.8017578125 0.49615384615384617 0.7783203125 0.48131868131868133 0.7568359375 0.47417582417582416 0.7548828125 0.46373626373626375 0.7568359375 0.4521978021978022 0.7734375 0.4489010989010989 0.7998046875 0.4565934065934066 0.806640625 0.47802197802197804 0.814453125
1 0 0.5372858623046874 0.04835164835164835 0.5771484375 0.15219780219780218 0.6513671875 0.22142857142857142 0.6953125 0.289010989010989 0.732421875 0.40824175824175823 0.7861328125 0.42142857142857143 0.7890625 0.43021978021978025 0.7861328125 0.42857142857142855 0.7734375 0.4186813186813187 0.7490234375 0.4142857142857143 0.7412109375 0.3989010989010989 0.728515625 0.37362637362637363 0.7177734375 0.3554945054945055 0.7216796875 0.3032967032967033 0.69921875 0.28846153846153844 0.697265625 0.2412087912087912 0.6728515625 0.21373626373626373 0.6630859375 0.19505494505494506 0.6474609375 0.1445054945054945 0.6162109375 0.11483516483516483 0.5869140625 0.0945054945054945 0.572265625 0.01868131868131868 0.5302734375 0 0.5131363408203125 0 0.5372858623046874
1 1 0.80078125 0.987912087912088 0.798828125 0.9736263736263736 0.7998046875 0.9653846153846154 0.8046875 0.9478021978021978 0.8046875 0.9428571428571428 0.8076171875 0.9406593406593406 0.8154296875 0.9346153846153846 0.818359375 0.904945054945055 0.8203125 0.8994505494505495 0.826171875 0.8978021978021978 0.8388671875 0.8895604395604395 0.837890625 0.8857142857142857 0.83203125 0.8785714285714286 0.837890625 0.8626373626373627 0.83203125 0.8445054945054945 0.8330078125 0.8412087912087912 0.8369140625 0.8362637362637363 0.853515625 0.8362637362637363 0.8623046875 0.8395604395604396 0.873046875 0.845054945054945 0.8759765625 0.8829670329670329 0.8671875 0.8956043956043956 0.87109375 0.9016483516483517 0.87890625 0.910989010989011 0.8759765625 0.9148351648351648 0.8798828125 0.9313186813186813 0.8818359375 0.9862637362637363 0.873046875 1 0.873046875 1 0.80078125
1 0.5467032967032966 0.845703125 0.5604395604395604 0.8486328125 0.5840659340659341 0.841796875 0.6 0.828125 0.6192307692307693 0.802734375 0.610989010989011 0.783203125 0.6032967032967033 0.775390625 0.595054945054945 0.7744140625 0.5857142857142857 0.779296875 0.5571428571428572 0.767578125 0.5456043956043956 0.7841796875 0.5351648351648352 0.7919921875 0.532967032967033 0.7978515625 0.5417582417582417 0.8369140625 0.5467032967032966 0.845703125